# a, b, af, bf, as, bs, afs, bfs, alfa1, beta1, alfa2, beta2, vol, fibstretch 
  1.23397640e+00,  9.80614540e-01,  1.10384951e+00,  8.55059119e-01,  2.18829751e+00,  4.28440756e+00,  1.07346418e-02,  4.58227901e+01,  1.01645821e+02,  1.12796006e+00
  1.26832328e+00,  8.42121803e-01,  1.26137887e+00,  1.05449346e+00,  2.44421124e+00,  4.40999866e+00,  1.00289609e-02,  4.74283888e+01,  1.00304807e+02,  1.12496663e+00
  7.36757819e-01,  1.22710099e+00,  8.71703966e-01,  8.30485055e-01,  8.62419257e-01,  4.26084319e+00,  7.90039093e-03,  4.11906666e+01,  1.14277700e+02,  1.15168314e+00
  8.50112257e-01,  1.23230993e+00,  1.08551115e+00,  9.66216678e-01,  1.33714687e+00,  4.35566487e+00,  7.71030927e-03,  4.50121721e+01,  1.07772736e+02,  1.13856885e+00
  8.45009792e-01,  1.16643204e+00,  9.55650196e-01,  1.03929676e+00,  1.08786903e+00,  4.26785644e+00,  8.81202180e-03,  4.21639629e+01,  1.10843843e+02,  1.14499358e+00
  9.74759313e-01,  1.12927994e+00,  8.67542425e-01,  1.06108895e+00,  1.20094314e+00,  4.11814898e+00,  1.16174871e-02,  4.04291928e+01,  1.09862703e+02,  1.14393464e+00
  1.26714354e+00,  7.61590378e-01,  1.12452543e+00,  1.07303735e+00,  2.20008936e+00,  4.41284051e+00,  1.04925924e-02,  4.59907221e+01,  1.01531112e+02,  1.12804154e+00
  8.87610267e-01,  1.01610062e+00,  8.15857220e-01,  8.53117041e-01,  9.06041164e-01,  4.19882505e+00,  9.90029378e-03,  3.95368549e+01,  1.13805302e+02,  1.15204437e+00
  1.13333619e+00,  1.21526695e+00,  9.18076181e-01,  7.02552698e-01,  1.73112501e+00,  4.09325916e+00,  1.19231672e-02,  4.29169220e+01,  1.04795837e+02,  1.13441210e+00
  8.00196340e-01,  9.25222892e-01,  7.52743342e-01,  1.08360288e+00,  6.67385639e-01,  4.25672125e+00,  9.36368158e-03,  3.79762798e+01,  1.18333184e+02,  1.16042900e+00
  1.26728647e+00,  1.01723493e+00,  1.15917028e+00,  1.09406970e+00,  2.43190034e+00,  4.26823139e+00,  1.14640194e-02,  4.62877717e+01,  1.00382644e+02,  1.12499069e+00
  1.21167354e+00,  8.19490855e-01,  7.40014898e-01,  7.02227696e-01,  1.65665350e+00,  4.33541761e+00,  1.05985649e-02,  4.32260912e+01,  1.05069684e+02,  1.13654504e+00
  1.05529897e+00,  1.13429666e+00,  1.11740109e+00,  1.13286498e+00,  1.73897667e+00,  4.24908300e+00,  1.02958133e-02,  4.46031494e+01,  1.04524873e+02,  1.13265074e+00
  1.04294398e+00,  8.61121176e-01,  7.79993016e-01,  8.48866533e-01,  1.14115722e+00,  4.25533101e+00,  1.07715362e-02,  4.04303903e+01,  1.10247977e+02,  1.14615469e+00
  9.94899016e-01,  9.58097071e-01,  1.03689033e+00,  1.09890214e+00,  1.34325358e+00,  4.34276244e+00,  9.35324723e-03,  4.32594571e+01,  1.07768201e+02,  1.13957347e+00
  9.74127427e-01,  1.12380257e+00,  1.11337499e+00,  8.90675427e-01,  1.52714974e+00,  4.32581363e+00,  8.59517886e-03,  4.50377330e+01,  1.06093317e+02,  1.13579935e+00
  1.17980696e+00,  9.01505294e-01,  1.12781662e+00,  1.02824535e+00,  1.95876544e+00,  4.34406220e+00,  1.02842655e-02,  4.53519430e+01,  1.02956270e+02,  1.13041931e+00
  8.11376453e-01,  1.07207056e+00,  7.52047467e-01,  9.93476655e-01,  7.52562364e-01,  4.14307402e+00,  1.02281257e-02,  3.79863182e+01,  1.16953175e+02,  1.15768975e+00
  1.10401668e+00,  7.64488827e-01,  1.03496193e+00,  1.25915281e+00,  1.49958938e+00,  4.40149505e+00,  1.02431948e-02,  4.32830408e+01,  1.06240958e+02,  1.13717450e+00
  1.17014873e+00,  9.12485797e-01,  1.04243526e+00,  8.59939458e-01,  1.82326174e+00,  4.31080451e+00,  1.03521414e-02,  4.45775650e+01,  1.03878637e+02,  1.13268157e+00
  1.14159941e+00,  1.27024578e+00,  1.25083633e+00,  1.18863470e+00,  2.32980421e+00,  4.20699885e+00,  1.09231664e-02,  4.67006950e+01,  1.00890928e+02,  1.12490063e+00
  8.31699524e-01,  1.20280602e+00,  1.27888103e+00,  9.04841750e-01,  1.64754119e+00,  4.59409912e+00,  5.68358269e-03,  4.95068907e+01,  1.04758052e+02,  1.13215492e+00
  8.21422815e-01,  1.17544432e+00,  1.04463601e+00,  9.81469564e-01,  1.18571579e+00,  4.38812335e+00,  7.41234752e-03,  4.43764857e+01,  1.09317312e+02,  1.14169809e+00
  8.12905173e-01,  1.26758511e+00,  8.35305478e-01,  1.05168441e+00,  9.44748816e-01,  4.09938809e+00,  1.04119475e-02,  3.95904540e+01,  1.13511504e+02,  1.15027577e+00
  1.22056890e+00,  9.69075248e-01,  7.03054911e-01,  1.11780214e+00,  1.73821676e+00,  4.22658854e+00,  1.26877967e-02,  4.23297036e+01,  1.04577213e+02,  1.13478511e+00
  1.00721946e+00,  1.01353878e+00,  8.48687003e-01,  1.05744478e+00,  1.19302081e+00,  4.17270847e+00,  1.14824953e-02,  4.04328469e+01,  1.09821480e+02,  1.14428438e+00
  1.25847784e+00,  1.14770755e+00,  8.97315997e-01,  7.32283683e-01,  2.14038228e+00,  4.15380895e+00,  1.21794111e-02,  4.43827832e+01,  1.01982740e+02,  1.12918526e+00
  8.51266897e-01,  1.21529678e+00,  1.25456882e+00,  9.23769415e-01,  1.63907563e+00,  4.53542448e+00,  6.16874093e-03,  4.87329472e+01,  1.04890946e+02,  1.13248998e+00
  9.86921477e-01,  9.17914156e-01,  1.10276676e+00,  7.97099429e-01,  1.37561719e+00,  4.44602151e+00,  7.75096492e-03,  4.49537404e+01,  1.07254190e+02,  1.13870762e+00
  1.28925681e+00,  9.49879350e-01,  7.24440445e-01,  9.99396668e-01,  2.04558314e+00,  4.27087790e+00,  1.22219690e-02,  4.38494324e+01,  1.02476388e+02,  1.13078952e+00
  1.25320291e+00,  8.29441013e-01,  9.27223328e-01,  7.82716637e-01,  1.98134067e+00,  4.34402440e+00,  1.06521245e-02,  4.47770403e+01,  1.02826474e+02,  1.13137640e+00
  1.20666119e+00,  8.64094076e-01,  1.11932992e+00,  7.77016830e-01,  2.01545298e+00,  4.36757063e+00,  9.73949565e-03,  4.59023692e+01,  1.02596860e+02,  1.13011530e+00
  9.53718176e-01,  7.43890990e-01,  1.01405692e+00,  8.88714216e-01,  1.06435488e+00,  4.52111084e+00,  7.56557318e-03,  4.31175249e+01,  1.10477086e+02,  1.14568758e+00
  1.19571886e+00,  1.26625542e+00,  1.28417451e+00,  1.13846403e+00,  2.56707701e+00,  4.20358661e+00,  1.11262419e-02,  4.73612047e+01,  9.97292987e+01,  1.12263332e+00
  1.13388442e+00,  1.29551239e+00,  8.90472026e-01,  7.65788083e-01,  1.74280190e+00,  4.03745794e+00,  1.27178758e-02,  4.24435663e+01,  1.04775182e+02,  1.13428126e+00
  8.74281497e-01,  1.24985166e+00,  9.18410106e-01,  7.43448326e-01,  1.13171792e+00,  4.15693082e+00,  9.49630804e-03,  4.16272621e+01,  1.10601352e+02,  1.14497199e+00
  7.51080140e-01,  7.91940989e-01,  7.13585812e-01,  9.44768981e-01,  5.08324359e-01,  4.37397063e+00,  7.94916449e-03,  3.74029064e+01,  1.22120471e+02,  1.16817522e+00
  9.26224538e-01,  8.35049413e-01,  1.20436074e+00,  8.51405461e-01,  1.32088441e+00,  4.68432238e+00,  5.79692645e-03,  4.72521527e+01,  1.07323438e+02,  1.13845238e+00
  8.34507419e-01,  9.65692219e-01,  7.23671746e-01,  1.07811727e+00,  7.14404868e-01,  4.16966562e+00,  1.05471266e-02,  3.74086181e+01,  1.17680711e+02,  1.15939885e+00
  1.11702379e+00,  1.18519840e+00,  1.01752714e+00,  1.03480121e+00,  1.79780654e+00,  4.13812027e+00,  1.18888362e-02,  4.34847441e+01,  1.04232402e+02,  1.13258829e+00
  1.17278683e+00,  7.66461725e-01,  1.13135688e+00,  8.77874865e-01,  1.83018359e+00,  4.44012319e+00,  9.25041698e-03,  4.55652665e+01,  1.03707317e+02,  1.13240941e+00
  7.59091728e-01,  7.43780511e-01,  1.21405291e+00,  1.04097497e+00,  9.81470610e-01,  5.08257271e+00,  3.50343396e-03,  4.94965480e+01,  1.10094123e+02,  1.14328917e+00
  7.10495119e-01,  1.11514186e+00,  9.22881497e-01,  1.08107959e+00,  8.34412039e-01,  4.43927700e+00,  6.73455550e-03,  4.25363538e+01,  1.14086437e+02,  1.15083032e+00
  1.25411596e+00,  9.26969659e-01,  1.17612438e+00,  1.16092402e+00,  2.33426610e+00,  4.32560506e+00,  1.10547967e-02,  4.62435969e+01,  1.00856583e+02,  1.12600019e+00
  8.86217826e-01,  9.90832659e-01,  8.70224465e-01,  1.01937056e+00,  9.47226661e-01,  4.26147195e+00,  9.52150322e-03,  4.03440173e+01,  1.12902134e+02,  1.14987097e+00
  1.06933910e+00,  1.07355566e+00,  7.56720658e-01,  7.55666117e-01,  1.29524469e+00,  4.12035659e+00,  1.18879216e-02,  4.05094265e+01,  1.08777950e+02,  1.14305623e+00
  1.19225329e+00,  1.09671619e+00,  1.28583697e+00,  1.01006217e+00,  2.41147922e+00,  4.30497821e+00,  1.00223733e-02,  4.75803188e+01,  1.00464292e+02,  1.12451078e+00
  9.66198553e-01,  1.19997050e+00,  9.80854488e-01,  7.92627991e-01,  1.36296460e+00,  4.17475027e+00,  9.96731750e-03,  4.27066754e+01,  1.07911499e+02,  1.13979974e+00
  1.07604678e+00,  7.78035984e-01,  7.97402453e-01,  7.58175203e-01,  1.20479845e+00,  4.32673020e+00,  1.01375859e-02,  4.12761467e+01,  1.09310255e+02,  1.14464967e+00
  9.51029600e-01,  8.53874804e-01,  8.36315587e-01,  1.11657927e+00,  9.66549764e-01,  4.28461733e+00,  1.03167208e-02,  3.98152632e+01,  1.12544543e+02,  1.14975599e+00
  1.13447745e+00,  1.11856281e+00,  1.28952067e+00,  7.54355115e-01,  2.24571739e+00,  4.33889612e+00,  8.82442956e-03,  4.80542163e+01,  1.01292301e+02,  1.12616928e+00
  1.03133576e+00,  7.53304457e-01,  8.28671268e-01,  8.34517616e-01,  1.09126679e+00,  4.34787873e+00,  9.83700229e-03,  4.08722695e+01,  1.10627635e+02,  1.14700332e+00
  8.63727333e-01,  1.24890098e+00,  1.07450495e+00,  1.09797601e+00,  1.35582890e+00,  4.31212053e+00,  8.36771548e-03,  4.44706210e+01,  1.07674971e+02,  1.13827727e+00
  7.30025196e-01,  9.83040308e-01,  1.05736780e+00,  8.08228937e-01,  9.34974630e-01,  4.70410899e+00,  4.81881543e-03,  4.61754866e+01,  1.11659716e+02,  1.14643722e+00
  1.07040886e+00,  1.04178256e+00,  7.21958803e-01,  8.91803343e-01,  1.25674514e+00,  4.12880069e+00,  1.22703592e-02,  4.00567737e+01,  1.09190378e+02,  1.14388697e+00
  1.03783519e+00,  1.27634692e+00,  7.18735216e-01,  8.97839352e-01,  1.26614998e+00,  3.97266780e+00,  1.36794460e-02,  3.92252771e+01,  1.09475628e+02,  1.14394793e+00
  8.95483529e-01,  1.18104220e+00,  1.14852114e+00,  1.03924347e+00,  1.48240881e+00,  4.39860529e+00,  7.67976657e-03,  4.59325457e+01,  1.06347123e+02,  1.13571401e+00
  1.24232674e+00,  1.25202585e+00,  8.56051477e-01,  1.00534768e+00,  2.08215922e+00,  4.07598316e+00,  1.36720976e-02,  4.32910727e+01,  1.02375871e+02,  1.12962083e+00
  1.27764247e+00,  9.68829088e-01,  1.11093238e+00,  7.72205345e-01,  2.37265685e+00,  4.29482392e+00,  1.06880075e-02,  4.64806888e+01,  1.00674948e+02,  1.12615609e+00
  7.95527987e-01,  1.12346677e+00,  1.03356747e+00,  8.47105967e-01,  1.09126903e+00,  4.45479255e+00,  6.62591015e-03,  4.46152001e+01,  1.10277056e+02,  1.14375811e+00
  1.15130106e+00,  9.45643806e-01,  1.15412991e+00,  1.16161442e+00,  1.93290547e+00,  4.33448386e+00,  1.03464329e-02,  4.53175274e+01,  1.03121089e+02,  1.13035165e+00
  1.13082322e+00,  8.66205351e-01,  9.42876711e-01,  1.14773753e+00,  1.55704453e+00,  4.29490554e+00,  1.12602621e-02,  4.26683109e+01,  1.05922503e+02,  1.13678556e+00
  1.08689492e+00,  7.18588592e-01,  7.46919944e-01,  1.11111832e+00,  1.18146292e+00,  4.34431931e+00,  1.10694085e-02,  4.05742078e+01,  1.09536712e+02,  1.14486135e+00
  1.02224946e+00,  1.20859683e+00,  8.16102285e-01,  7.47379596e-01,  1.29235030e+00,  4.04845036e+00,  1.20578396e-02,  4.04579688e+01,  1.08978619e+02,  1.14281131e+00
  1.06944290e+00,  9.65454265e-01,  7.18507433e-01,  1.20401990e+00,  1.22442594e+00,  4.16211320e+00,  1.27836905e-02,  3.97030322e+01,  1.09481076e+02,  1.14408443e+00
  8.08493072e-01,  9.01737002e-01,  8.46178499e-01,  1.23205488e+00,  7.50854793e-01,  4.37256033e+00,  8.45308912e-03,  3.98432579e+01,  1.15939539e+02,  1.15528848e+00
  1.21804500e+00,  1.00268815e+00,  1.25182030e+00,  1.01879968e+00,  2.36431105e+00,  4.32924237e+00,  1.01779827e-02,  4.71626981e+01,  1.00698304e+02,  1.12533578e+00
  8.90107225e-01,  1.21055523e+00,  1.14890208e+00,  7.74216971e-01,  1.49225675e+00,  4.39483013e+00,  7.23540632e-03,  4.63947900e+01,  1.06268909e+02,  1.13573891e+00
  1.27621439e+00,  7.13087429e-01,  8.18087196e-01,  9.80454604e-01,  1.94588725e+00,  4.40956312e+00,  1.09135844e-02,  4.43681605e+01,  1.02998426e+02,  1.13206441e+00
  9.29168114e-01,  8.71799330e-01,  8.32507236e-01,  1.04359886e+00,  9.26188707e-01,  4.28220415e+00,  9.99224737e-03,  3.97338330e+01,  1.13178468e+02,  1.15099715e+00
  7.63114733e-01,  1.14917219e+00,  8.82043559e-01,  8.10325561e-01,  8.61938637e-01,  4.30032847e+00,  7.73765452e-03,  4.13498652e+01,  1.14139176e+02,  1.15165039e+00
  1.07031410e+00,  1.23780389e+00,  9.26576881e-01,  8.14953938e-01,  1.56737852e+00,  4.07908499e+00,  1.18848566e-02,  4.22324298e+01,  1.06167296e+02,  1.13679314e+00
  8.80585203e-01,  9.96464022e-01,  1.24268686e+00,  1.14373392e+00,  1.46211166e+00,  4.64874621e+00,  6.01265208e-03,  4.80233989e+01,  1.06129222e+02,  1.13518285e+00
  8.77494924e-01,  1.17092565e+00,  1.26757303e+00,  1.22620549e+00,  1.67406247e+00,  4.53598021e+00,  6.69280179e-03,  4.83204459e+01,  1.04633806e+02,  1.13177802e+00
  8.46090268e-01,  1.10879519e+00,  1.00691995e+00,  1.05510448e+00,  1.12187641e+00,  4.36269568e+00,  7.98676677e-03,  4.32905485e+01,  1.10146138e+02,  1.14354724e+00
  9.80894671e-01,  9.34822503e-01,  1.25620818e+00,  7.39343074e-01,  1.61144004e+00,  4.58533598e+00,  6.34400836e-03,  4.80827235e+01,  1.05053271e+02,  1.13379101e+00
  9.28466647e-01,  1.18488234e+00,  9.49367765e-01,  1.08464324e+00,  1.23869778e+00,  4.17152599e+00,  1.04327676e-02,  4.16986588e+01,  1.09261508e+02,  1.14214250e+00
  1.20406409e+00,  7.13473583e-01,  1.02386259e+00,  1.08379614e+00,  1.79993016e+00,  4.42018335e+00,  1.04123040e-02,  4.43792963e+01,  1.03936062e+02,  1.13319234e+00
  1.17761290e+00,  7.50133491e-01,  1.11601301e+00,  9.98924491e-01,  1.81930113e+00,  4.43717959e+00,  9.63789121e-03,  4.51922804e+01,  1.03783456e+02,  1.13254909e+00
  7.60689153e-01,  1.11293497e+00,  8.21302886e-01,  9.44551002e-01,  7.72050225e-01,  4.24946225e+00,  8.51211971e-03,  3.97645776e+01,  1.16035728e+02,  1.15539050e+00
  7.13815835e-01,  8.01423801e-01,  1.11214011e+00,  1.03244549e+00,  8.45109871e-01,  4.98178811e+00,  3.76991817e-03,  4.77043900e+01,  1.12172883e+02,  1.14729697e+00
  7.92542453e-01,  1.14888680e+00,  1.07403135e+00,  9.63580229e-01,  1.17040950e+00,  4.47897043e+00,  6.54959170e-03,  4.53679474e+01,  1.09273132e+02,  1.14149009e+00
  7.95974435e-01,  1.13149170e+00,  1.18482385e+00,  8.31025776e-01,  1.34517322e+00,  4.61120670e+00,  5.45520024e-03,  4.80783155e+01,  1.07211339e+02,  1.13731371e+00
  1.08749714e+00,  7.22680136e-01,  9.57560755e-01,  7.53469987e-01,  1.33602360e+00,  4.42030404e+00,  9.10639639e-03,  4.30547138e+01,  1.07714723e+02,  1.14108825e+00
  1.19037074e+00,  9.39317764e-01,  1.15836494e+00,  1.20487309e+00,  2.07089045e+00,  4.32424541e+00,  1.07937645e-02,  4.55109528e+01,  1.02287870e+02,  1.12872762e+00
  1.12247475e+00,  1.02918060e+00,  1.18409496e+00,  8.48723755e-01,  1.94771614e+00,  4.32812880e+00,  9.36508828e-03,  4.62100348e+01,  1.03027237e+02,  1.13009288e+00
  8.06265276e-01,  8.23648087e-01,  9.32798473e-01,  1.28430692e+00,  7.83856263e-01,  4.54768181e+00,  7.07128629e-03,  4.17698686e+01,  1.14600247e+02,  1.15250141e+00
  9.08042950e-01,  9.75021037e-01,  8.45027692e-01,  1.28362912e+00,  9.58630134e-01,  4.22211794e+00,  1.06941557e-02,  3.95913476e+01,  1.12866059e+02,  1.14957358e+00
  1.04306425e+00,  8.00331071e-01,  1.00035229e+00,  1.03206431e+00,  1.30815593e+00,  4.39385639e+00,  9.43825940e-03,  4.28302386e+01,  1.08033262e+02,  1.14087877e+00
  7.79143628e-01,  1.18683267e+00,  7.18453169e-01,  9.91100496e-01,  7.29688052e-01,  4.05106582e+00,  1.08865467e-02,  3.72062900e+01,  1.17917882e+02,  1.15928516e+00
  8.05794157e-01,  1.03978339e+00,  1.16238092e+00,  8.33012999e-01,  1.23973174e+00,  4.65184749e+00,  5.32487143e-03,  4.75854136e+01,  1.08158625e+02,  1.13941423e+00
  8.66194630e-01,  9.80818243e-01,  1.06736875e+00,  9.97460565e-01,  1.14358104e+00,  4.50171676e+00,  6.96565381e-03,  4.45968488e+01,  1.09538699e+02,  1.14256057e+00
  9.72176489e-01,  1.21078504e+00,  1.28106596e+00,  1.25347831e+00,  1.91464067e+00,  4.40497868e+00,  8.16004209e-03,  4.76953016e+01,  1.03143409e+02,  1.12894516e+00
  1.02926532e+00,  7.17386461e-01,  8.89766963e-01,  1.23727856e+00,  1.12112686e+00,  4.38292808e+00,  1.03295205e-02,  4.09491452e+01,  1.10153142e+02,  1.14532190e+00
  1.10004869e+00,  1.24367980e+00,  9.14595691e-01,  1.10456265e+00,  1.64616273e+00,  4.05777255e+00,  1.30942977e-02,  4.19080195e+01,  1.05524488e+02,  1.13530286e+00
  1.29384588e+00,  1.01684682e+00,  1.27555732e+00,  7.48564387e-01,  2.72219244e+00,  4.31804784e+00,  1.00722321e-02,  4.83658566e+01,  9.90698807e+01,  1.12230033e+00
  1.03363741e+00,  1.04371790e+00,  9.74514200e-01,  1.14814264e+00,  1.41889393e+00,  4.21714767e+00,  1.10066811e-02,  4.22702305e+01,  1.07282579e+02,  1.13870698e+00
  1.14722881e+00,  1.18754677e+00,  9.15884561e-01,  1.10665146e+00,  1.76584260e+00,  4.09365719e+00,  1.30676599e-02,  4.24545121e+01,  1.04526859e+02,  1.13352242e+00
  1.05992529e+00,  9.33357846e-01,  8.44262081e-01,  1.20788896e+00,  1.28696793e+00,  4.21322161e+00,  1.19191366e-02,  4.07436531e+01,  1.08651205e+02,  1.14209176e+00
  9.27591257e-01,  7.65052063e-01,  9.52221729e-01,  9.26758876e-01,  9.64837191e-01,  4.47143842e+00,  7.95459879e-03,  4.19608416e+01,  1.11960946e+02,  1.14862356e+00
  1.21285610e+00,  1.27776386e+00,  8.11273819e-01,  9.33193305e-01,  1.92709511e+00,  4.05110818e+00,  1.36842534e-02,  4.25943317e+01,  1.03407112e+02,  1.13185056e+00
  1.21609596e+00,  1.17109450e+00,  1.15955111e+00,  7.57846731e-01,  2.33441543e+00,  4.20197495e+00,  1.08593019e-02,  4.64297677e+01,  1.00884471e+02,  1.12587904e+00
  9.47593625e-01,  1.01207976e+00,  7.66563571e-01,  1.27215738e+00,  9.83727592e-01,  4.12554713e+00,  1.22470485e-02,  3.85585094e+01,  1.12827237e+02,  1.14987997e+00
  1.02945141e+00,  9.76095587e-01,  8.47392120e-01,  9.53780526e-01,  1.22534850e+00,  4.19862355e+00,  1.11827189e-02,  4.07835098e+01,  1.09376386e+02,  1.14371540e+00
  1.29143571e+00,  1.09081587e+00,  1.24989981e+00,  9.00516589e-01,  2.72982483e+00,  4.26221269e+00,  1.09000859e-02,  4.77814667e+01,  9.90270054e+01,  1.12202627e+00
  8.63524061e-01,  9.18195802e-01,  1.02518215e+00,  8.09998050e-01,  1.03253305e+00,  4.51512050e+00,  6.68312976e-03,  4.40135738e+01,  1.10879858e+02,  1.14567670e+00
  9.69826947e-01,  1.22334167e+00,  9.94358826e-01,  1.26165564e+00,  1.41458932e+00,  4.15065410e+00,  1.11654134e-02,  4.22761596e+01,  1.07438470e+02,  1.13824484e+00
  7.97832646e-01,  9.28446726e-01,  9.18285836e-01,  1.17731605e+00,  8.22367477e-01,  4.45804088e+00,  7.43003479e-03,  4.16095126e+01,  1.14242810e+02,  1.15176049e+00
  1.04069843e+00,  1.08622998e+00,  7.88732323e-01,  1.09276252e+00,  1.25807165e+00,  4.09952371e+00,  1.27051011e-02,  3.99508717e+01,  1.09244837e+02,  1.14327172e+00
  8.69862773e-01,  1.02549274e+00,  9.72889715e-01,  1.22891424e+00,  1.06236545e+00,  4.35108616e+00,  8.67651790e-03,  4.22188662e+01,  1.10945670e+02,  1.14522200e+00
  9.59807963e-01,  1.17547639e+00,  9.17458593e-01,  9.75510573e-01,  1.25299563e+00,  4.13564942e+00,  1.09146380e-02,  4.12975231e+01,  1.09195825e+02,  1.14240166e+00
  7.10812307e-01,  1.23270580e+00,  1.29657931e+00,  8.22867754e-01,  1.55450140e+00,  4.74352982e+00,  4.38477211e-03,  5.13212231e+01,  1.05265616e+02,  1.13290564e+00
  1.11071567e+00,  1.04039072e+00,  8.43252375e-01,  7.99082318e-01,  1.48498475e+00,  4.16892290e+00,  1.15760185e-02,  4.18684446e+01,  1.06763884e+02,  1.13882504e+00
  8.78801663e-01,  1.27770052e+00,  1.15348982e+00,  8.08026660e-01,  1.53652777e+00,  4.36445767e+00,  7.42095807e-03,  4.64589649e+01,  1.05937418e+02,  1.13491296e+00
  7.61969781e-01,  1.14732305e+00,  7.28973324e-01,  8.54289825e-01,  6.96559497e-01,  4.11077676e+00,  9.83367411e-03,  3.76575981e+01,  1.18379788e+02,  1.16035291e+00
  7.08106936e-01,  1.23512964e+00,  1.26592999e+00,  9.86659226e-01,  1.49325942e+00,  4.71006690e+00,  4.71496658e-03,  5.04128027e+01,  1.05782408e+02,  1.13381594e+00
  1.08673651e+00,  1.23054703e+00,  7.75485926e-01,  7.62563071e-01,  1.43627635e+00,  4.03430008e+00,  1.27912759e-02,  4.07331267e+01,  1.07484014e+02,  1.14015205e+00
  7.20940436e-01,  1.01135571e+00,  7.94397000e-01,  1.29039247e+00,  6.50164233e-01,  4.33243152e+00,  8.16001609e-03,  3.91626836e+01,  1.18337815e+02,  1.15918188e+00
  1.29539052e+00,  8.14258396e-01,  9.59370743e-01,  7.82182746e-01,  2.19371124e+00,  4.36451305e+00,  1.06216058e-02,  4.56240295e+01,  1.01588260e+02,  1.12886004e+00
  1.19423412e+00,  1.00231176e+00,  9.69557269e-01,  9.82798024e-01,  1.88689127e+00,  4.22723914e+00,  1.16781982e-02,  4.38451002e+01,  1.03524983e+02,  1.13194037e+00
  1.18880204e+00,  8.92563883e-01,  1.14926269e+00,  1.12231261e+00,  2.01463588e+00,  4.35263177e+00,  1.04281474e-02,  4.55097480e+01,  1.02606290e+02,  1.12959166e+00
  7.99695271e-01,  1.06992474e+00,  9.80559307e-01,  1.26679284e+00,  9.94923246e-01,  4.41382997e+00,  7.67138458e-03,  4.28557486e+01,  1.11669142e+02,  1.14615837e+00
  1.25556958e+00,  1.13119885e+00,  7.96738988e-01,  1.23469861e+00,  2.02998972e+00,  4.13633760e+00,  1.38611364e-02,  4.29802556e+01,  1.02660368e+02,  1.13027197e+00
  7.71571883e-01,  1.04433536e+00,  9.12184834e-01,  1.28669195e+00,  8.55337590e-01,  4.38951223e+00,  7.83384037e-03,  4.15299653e+01,  1.13916089e+02,  1.15058411e+00
  9.75072854e-01,  1.12510859e+00,  7.70040384e-01,  7.40035704e-01,  1.09123876e+00,  4.07647729e+00,  1.15918441e-02,  3.94565901e+01,  1.11417994e+02,  1.14783768e+00
  1.00542637e+00,  1.15634031e+00,  1.25112564e+00,  1.29633011e+00,  1.87656200e+00,  4.37755059e+00,  8.75588201e-03,  4.68643527e+01,  1.03417594e+02,  1.12969764e+00
  1.07918425e+00,  1.00350593e+00,  1.00628089e+00,  8.00618512e-01,  1.54871292e+00,  4.25929397e+00,  1.00941704e-02,  4.35207400e+01,  1.06040098e+02,  1.13674256e+00
  1.13276954e+00,  7.48616531e-01,  7.20777907e-01,  8.18987189e-01,  1.32112170e+00,  4.34980440e+00,  1.05090012e-02,  4.16251425e+01,  1.08007782e+02,  1.14238771e+00
  1.29200206e+00,  8.02734726e-01,  1.15481914e+00,  1.12021389e+00,  2.37887363e+00,  4.39116373e+00,  1.08007743e-02,  4.64464968e+01,  1.00625376e+02,  1.12600348e+00
  1.03497192e+00,  7.32122712e-01,  1.01081031e+00,  7.99480411e-01,  1.24474702e+00,  4.46303407e+00,  8.38699558e-03,  4.33143904e+01,  1.08547631e+02,  1.14231133e+00
  1.02063160e+00,  7.00349162e-01,  1.06935719e+00,  1.22936876e+00,  1.25176650e+00,  4.52114097e+00,  8.60426582e-03,  4.34251202e+01,  1.08341994e+02,  1.14121792e+00
  1.05161954e+00,  8.97981262e-01,  1.20418110e+00,  1.27459871e+00,  1.67331418e+00,  4.46269864e+00,  8.70814691e-03,  4.57740423e+01,  1.04753930e+02,  1.13316789e+00
  9.14109111e-01,  1.10265562e+00,  7.70086013e-01,  7.87984785e-01,  9.54006663e-01,  4.09567714e+00,  1.10514663e-02,  3.89012189e+01,  1.13406771e+02,  1.15148184e+00
  1.24607453e+00,  9.93795073e-01,  8.33375400e-01,  7.33056816e-01,  1.95079174e+00,  4.23647155e+00,  1.15101768e-02,  4.39764720e+01,  1.03096989e+02,  1.13192271e+00
  8.71687526e-01,  1.24567054e+00,  1.11211036e+00,  8.32551704e-01,  1.42494364e+00,  4.35327822e+00,  7.58445804e-03,  4.56201861e+01,  1.06937876e+02,  1.13701893e+00
  1.09096117e+00,  1.05700517e+00,  1.14632067e+00,  9.86083941e-01,  1.81950707e+00,  4.29982497e+00,  9.76657542e-03,  4.53366284e+01,  1.03897758e+02,  1.13170235e+00
  9.74400646e-01,  9.70007864e-01,  1.13932988e+00,  1.26411830e+00,  1.45238324e+00,  4.43737889e+00,  8.43715976e-03,  4.49473259e+01,  1.06560363e+02,  1.13654926e+00
  1.29285718e+00,  7.64082566e-01,  1.24121894e+00,  8.02352560e-01,  2.45476253e+00,  4.45441772e+00,  9.38891357e-03,  4.78378381e+01,  1.00255836e+02,  1.12540418e+00
  8.17495411e-01,  1.16062187e+00,  8.26282682e-01,  1.11285620e+00,  8.84629621e-01,  4.15434705e+00,  1.01109655e-02,  3.93862833e+01,  1.14323945e+02,  1.15197895e+00
  7.64524335e-01,  8.49064578e-01,  1.24762492e+00,  7.84569777e-01,  1.14006566e+00,  5.00077319e+00,  3.52432803e-03,  5.05006233e+01,  1.08496648e+02,  1.14012599e+00
  9.45902715e-01,  1.19441569e+00,  1.06220610e+00,  8.41148602e-01,  1.43909723e+00,  4.26245696e+00,  8.92338937e-03,  4.42023549e+01,  1.06984950e+02,  1.13757056e+00
  1.05930270e+00,  8.86449692e-01,  7.62880686e-01,  9.58086363e-01,  1.18769572e+00,  4.23164708e+00,  1.13868473e-02,  4.03143121e+01,  1.09741858e+02,  1.14503058e+00
  8.13257520e-01,  1.29944676e+00,  9.03426554e-01,  9.46313170e-01,  1.04897853e+00,  4.15734181e+00,  9.45694148e-03,  4.12029889e+01,  1.11709407e+02,  1.14664424e+00
  7.89919996e-01,  1.22738501e+00,  1.04108064e+00,  9.39373030e-01,  1.17229464e+00,  4.38660989e+00,  7.16232313e-03,  4.45798247e+01,  1.09472189e+02,  1.14187592e+00
  1.26196318e+00,  1.00115575e+00,  1.18631573e+00,  1.22897662e+00,  2.43930295e+00,  4.28167824e+00,  1.15562798e-02,  4.63136621e+01,  1.00343170e+02,  1.12471528e+00
  1.11957296e+00,  1.18341461e+00,  1.25723607e+00,  8.35194374e-01,  2.19736787e+00,  4.28675698e+00,  9.36276425e-03,  4.73926000e+01,  1.01572792e+02,  1.12662742e+00
  1.28203524e+00,  9.64437056e-01,  7.89158691e-01,  7.55747693e-01,  2.06109446e+00,  4.26630696e+00,  1.15192866e-02,  4.43565677e+01,  1.02388980e+02,  1.13070739e+00
  7.67128439e-01,  1.00030356e+00,  1.11960884e+00,  7.71250635e-01,  1.08401963e+00,  4.70207699e+00,  4.87607587e-03,  4.72293464e+01,  1.09748738e+02,  1.14266292e+00
  9.49285508e-01,  1.13906676e+00,  1.02084950e+00,  8.28748597e-01,  1.34439915e+00,  4.25828502e+00,  9.09610898e-03,  4.34315828e+01,  1.07920434e+02,  1.13969038e+00
  9.08729445e-01,  9.68202463e-01,  1.10294484e+00,  8.76996344e-01,  1.25657323e+00,  4.49743482e+00,  6.99825854e-03,  4.52255207e+01,  1.08314072e+02,  1.14034411e+00
  1.26979084e+00,  1.17528749e+00,  9.72064142e-01,  7.86549877e-01,  2.28951780e+00,  4.14759927e+00,  1.22646933e-02,  4.49927218e+01,  1.01144165e+02,  1.12714297e+00
  9.02354938e-01,  1.21517122e+00,  1.29867147e+00,  1.10903464e+00,  1.82070214e+00,  4.50523760e+00,  6.80379833e-03,  4.88502113e+01,  1.03656378e+02,  1.12988488e+00
  7.94837389e-01,  8.46795988e-01,  1.08578861e+00,  1.18976004e+00,  9.55881359e-01,  4.74367813e+00,  5.39670343e-03,  4.55848199e+01,  1.11263429e+02,  1.14561853e+00
  8.58315482e-01,  7.78141777e-01,  7.71961531e-01,  1.09417027e+00,  6.99049344e-01,  4.33973982e+00,  9.29972041e-03,  3.83760700e+01,  1.17211206e+02,  1.15889137e+00
  9.83637326e-01,  7.72179923e-01,  9.29273448e-01,  8.78976184e-01,  1.06855860e+00,  4.40405571e+00,  8.84195566e-03,  4.17423849e+01,  1.10751997e+02,  1.14659432e+00
  1.26704144e+00,  1.20820426e+00,  7.72859225e-01,  1.27765472e+00,  2.09125166e+00,  4.09654011e+00,  1.44663664e-02,  4.28822025e+01,  1.02302961e+02,  1.12945881e+00
  8.04043975e-01,  8.81382921e-01,  8.59977366e-01,  1.00556382e+00,  7.40905276e-01,  4.42105482e+00,  7.65852933e-03,  4.04312887e+01,  1.15934967e+02,  1.15568200e+00
  7.57585367e-01,  9.09636396e-01,  1.03636186e+00,  9.80668018e-01,  8.88393194e-01,  4.69611030e+00,  5.24333060e-03,  4.51358473e+01,  1.12361966e+02,  1.14790536e+00
  7.83273225e-01,  1.25307080e+00,  7.49479698e-01,  7.76424076e-01,  7.93431342e-01,  4.04789827e+00,  1.03693313e-02,  3.80960167e+01,  1.16535621e+02,  1.15676083e+00
  7.93100968e-01,  9.20584176e-01,  9.68039630e-01,  7.24839812e-01,  8.56611066e-01,  4.55257982e+00,  5.99677925e-03,  4.34733099e+01,  1.13327775e+02,  1.15046058e+00
  1.10469939e+00,  1.04521827e+00,  1.18496928e+00,  9.43209172e-01,  1.91054429e+00,  4.32602505e+00,  9.44545783e-03,  4.60328761e+01,  1.03263537e+02,  1.13040380e+00
  8.97761254e-01,  1.24373182e+00,  9.98023434e-01,  9.13369930e-01,  1.28494088e+00,  4.21177700e+00,  9.30671542e-03,  4.29451758e+01,  1.08638088e+02,  1.14074266e+00
  9.94055118e-01,  1.09118337e+00,  9.40225188e-01,  1.21314815e+00,  1.31141489e+00,  4.17848163e+00,  1.12808253e-02,  4.14869513e+01,  1.08449658e+02,  1.14081280e+00
  7.95509693e-01,  1.08436819e+00,  1.11163646e+00,  8.78051070e-01,  1.18145503e+00,  4.57207256e+00,  5.83518446e-03,  4.64100716e+01,  1.08938965e+02,  1.14093735e+00
  1.13011430e+00,  1.05645591e+00,  9.83732564e-01,  7.25322580e-01,  1.70868906e+00,  4.20912697e+00,  1.07396183e-02,  4.37202065e+01,  1.04822547e+02,  1.13449185e+00
  1.00704572e+00,  1.04140907e+00,  1.27407008e+00,  1.08820889e+00,  1.81220161e+00,  4.48035103e+00,  7.65751458e-03,  4.76138551e+01,  1.03750083e+02,  1.13071143e+00
  1.15112942e+00,  1.06013278e+00,  1.14572021e+00,  7.51869457e-01,  2.00189442e+00,  4.27733571e+00,  9.86227736e-03,  4.59189778e+01,  1.02732139e+02,  1.12971878e+00
  1.16052154e+00,  9.73678908e-01,  1.02766326e+00,  9.00905095e-01,  1.81347161e+00,  4.26681951e+00,  1.07664792e-02,  4.42400483e+01,  1.03989495e+02,  1.13274887e+00
  1.25158050e+00,  7.59080051e-01,  1.01473926e+00,  1.23003619e+00,  2.02086475e+00,  4.38127772e+00,  1.13121093e-02,  4.46620905e+01,  1.02559515e+02,  1.13020521e+00
  7.81459899e-01,  1.27651290e+00,  1.28236598e+00,  8.94211378e-01,  1.65456636e+00,  4.60223699e+00,  5.41398156e-03,  5.00096386e+01,  1.04695933e+02,  1.13183603e+00
  7.80235726e-01,  9.40448423e-01,  1.24278820e+00,  1.21743030e+00,  1.25715299e+00,  4.85451436e+00,  4.58142952e-03,  4.92713130e+01,  1.07605867e+02,  1.13777684e+00
  8.96408750e-01,  1.16013610e+00,  1.14053391e+00,  1.05901684e+00,  1.45347386e+00,  4.40362511e+00,  7.70468203e-03,  4.57415128e+01,  1.06593636e+02,  1.13623941e+00
  9.43956348e-01,  1.18726679e+00,  8.10714415e-01,  7.13032410e-01,  1.09637929e+00,  4.06628721e+00,  1.12178477e-02,  3.98081065e+01,  1.11371812e+02,  1.14735316e+00
  9.98641669e-01,  8.63022055e-01,  8.13360769e-01,  7.78302456e-01,  1.05405035e+00,  4.26841985e+00,  1.00973440e-02,  4.03828691e+01,  1.11345022e+02,  1.14815044e+00
  9.09776655e-01,  7.27008983e-01,  1.19827641e+00,  1.08251457e+00,  1.18110151e+00,  4.78697492e+00,  5.57162453e-03,  4.68073396e+01,  1.08502761e+02,  1.14080927e+00
  9.19783747e-01,  9.19425380e-01,  8.74813509e-01,  7.19837315e-01,  9.67812951e-01,  4.30284130e+00,  8.84996527e-03,  4.09212721e+01,  1.12456933e+02,  1.14969522e+00
  1.09671283e+00,  9.11106080e-01,  9.75823787e-01,  7.68853151e-01,  1.50408416e+00,  4.29923449e+00,  9.95755352e-03,  4.33149697e+01,  1.06367983e+02,  1.13781643e+00
  1.00857319e+00,  1.25358849e+00,  1.29705360e+00,  1.00724182e+00,  2.06038427e+00,  4.36222402e+00,  8.24994603e-03,  4.81376444e+01,  1.02291650e+02,  1.12744704e+00
  7.73232055e-01,  1.27175491e+00,  7.01113684e-01,  1.11873345e+00,  7.45635678e-01,  3.97397957e+00,  1.19470088e-02,  3.66391981e+01,  1.17954354e+02,  1.15898925e+00
  1.04817276e+00,  1.03854549e+00,  8.26352758e-01,  1.20780981e+00,  1.29297112e+00,  4.13854459e+00,  1.25488016e-02,  4.03506404e+01,  1.08755822e+02,  1.14210329e+00
  8.85041014e-01,  8.05885026e-01,  8.18390373e-01,  1.00903035e+00,  7.93471332e-01,  4.34687815e+00,  9.11649998e-03,  3.93827397e+01,  1.15239893e+02,  1.15511114e+00
  8.31963855e-01,  1.29048535e+00,  1.29001791e+00,  7.79342329e-01,  1.75265431e+00,  4.54068414e+00,  5.81210743e-03,  4.98214759e+01,  1.04075782e+02,  1.13076402e+00
  7.44940701e-01,  1.29185232e+00,  1.26336187e+00,  1.20306645e+00,  1.59094528e+00,  4.60468894e+00,  5.62506594e-03,  4.95060205e+01,  1.05160568e+02,  1.13237596e+00
  7.17354595e-01,  8.05494296e-01,  7.71446063e-01,  1.21786774e+00,  5.19420111e-01,  4.48727765e+00,  7.07772536e-03,  3.87995629e+01,  1.21079452e+02,  1.16506799e+00
  7.61328611e-01,  1.28402717e+00,  1.09373589e+00,  8.70331088e-01,  1.26332433e+00,  4.43802075e+00,  6.47474737e-03,  4.60769087e+01,  1.08348840e+02,  1.13944388e+00
  9.47900559e-01,  1.17077273e+00,  7.77673338e-01,  9.88710159e-01,  1.06638814e+00,  4.04318910e+00,  1.23079636e-02,  3.89369925e+01,  1.11870913e+02,  1.14815774e+00
  1.20708662e+00,  1.04821331e+00,  1.02378156e+00,  1.13457647e+00,  2.03000285e+00,  4.20898855e+00,  1.21186669e-02,  4.42545756e+01,  1.02612741e+02,  1.12968595e+00
  1.24067625e+00,  8.58692581e-01,  1.10751299e+00,  1.14760047e+00,  2.13913355e+00,  4.34630061e+00,  1.10239778e-02,  4.54430792e+01,  1.01891468e+02,  1.12844213e+00
  8.71248851e-01,  7.67489960e-01,  9.73354024e-01,  1.26339260e+00,  8.88635407e-01,  4.54667785e+00,  7.50739365e-03,  4.21313659e+01,  1.12849556e+02,  1.14949922e+00
  7.06654932e-01,  1.29568677e+00,  9.65724467e-01,  1.24371622e+00,  1.00907081e+00,  4.34266914e+00,  7.51711921e-03,  4.31680148e+01,  1.11674298e+02,  1.14553161e+00
  9.19714457e-01,  1.06883867e+00,  8.31320875e-01,  1.16220591e+00,  1.01593065e+00,  4.14667492e+00,  1.12578685e-02,  3.94888893e+01,  1.12254828e+02,  1.14850231e+00
  1.02059090e+00,  1.06550696e+00,  1.22295914e+00,  1.29207278e+00,  1.77746771e+00,  4.39734711e+00,  8.82743224e-03,  4.62707859e+01,  1.04071797e+02,  1.13128531e+00
  1.16487755e+00,  1.20620889e+00,  1.17526216e+00,  9.63138022e-01,  2.20926677e+00,  4.19652085e+00,  1.09674877e-02,  4.60086970e+01,  1.01555049e+02,  1.12683062e+00
  8.60593650e-01,  1.22866095e+00,  1.09934324e+00,  8.19443178e-01,  1.37139514e+00,  4.36571528e+00,  7.43437980e-03,  4.54661918e+01,  1.07419313e+02,  1.13801270e+00
  1.12657309e+00,  1.24070112e+00,  1.01144702e+00,  9.65925440e-01,  1.85235117e+00,  4.10527664e+00,  1.21096473e-02,  4.35528103e+01,  1.03874506e+02,  1.13189178e+00
  9.33399340e-01,  1.11153090e+00,  9.93757489e-01,  9.86774703e-01,  1.25878121e+00,  4.25887752e+00,  9.38549694e-03,  4.27013530e+01,  1.08824181e+02,  1.14140126e+00
  1.05048338e+00,  8.27737130e-01,  1.28787044e+00,  7.96421746e-01,  1.72457947e+00,  4.60229262e+00,  6.73125454e-03,  4.80618175e+01,  1.04232752e+02,  1.13248232e+00
  9.91156562e-01,  1.09821170e+00,  1.11909943e+00,  7.87269035e-01,  1.55191951e+00,  4.33559979e+00,  8.43284557e-03,  4.52751545e+01,  1.05872752e+02,  1.13553027e+00
  1.26980551e+00,  7.92502501e-01,  1.28635068e+00,  9.23912684e-01,  2.44029735e+00,  4.45543881e+00,  9.37546576e-03,  4.79278397e+01,  1.00318187e+02,  1.12516778e+00
  9.69139612e-01,  8.62503007e-01,  9.90675109e-01,  1.11310154e+00,  1.16231937e+00,  4.38943087e+00,  9.04144704e-03,  4.24010524e+01,  1.09620296e+02,  1.14351408e+00
  1.03465582e+00,  1.17756726e+00,  9.90953204e-01,  1.04130837e+00,  1.52646906e+00,  4.15051007e+00,  1.12586955e-02,  4.26498616e+01,  1.06402327e+02,  1.13677464e+00
  9.52427887e-01,  9.16587284e-01,  1.25826845e+00,  9.91407191e-01,  1.54156650e+00,  4.63004759e+00,  6.31390625e-03,  4.78816831e+01,  1.05524948e+02,  1.13448047e+00
  8.85826721e-01,  1.07432380e+00,  9.31564576e-01,  1.14614721e+00,  1.06872156e+00,  4.26011355e+00,  9.51667430e-03,  4.13843961e+01,  1.11132345e+02,  1.14582178e+00
  8.51508945e-01,  1.24977931e+00,  1.06029676e+00,  8.25755939e-01,  1.30744224e+00,  4.32141824e+00,  7.78957280e-03,  4.46548692e+01,  1.08147041e+02,  1.13950165e+00
  1.27712133e+00,  9.50837312e-01,  1.10118640e+00,  1.26681208e+00,  2.35374142e+00,  4.28212775e+00,  1.20263718e-02,  4.55695298e+01,  1.00770463e+02,  1.12591586e+00
  1.03622780e+00,  9.96357869e-01,  8.77852534e-01,  1.09160353e+00,  1.28721177e+00,  4.19344660e+00,  1.14987867e-02,  4.10250701e+01,  1.08690046e+02,  1.14202549e+00
  7.07141288e-01,  9.15865920e-01,  8.10105510e-01,  9.10925088e-01,  5.91090343e-01,  4.47323865e+00,  6.51644950e-03,  4.01377824e+01,  1.19119675e+02,  1.16152252e+00
  1.00376931e+00,  8.83275703e-01,  1.24774471e+00,  9.44194643e-01,  1.60253243e+00,  4.57788966e+00,  6.90533765e-03,  4.73373001e+01,  1.05132979e+02,  1.13401076e+00
  9.35204872e-01,  7.80655989e-01,  1.02307184e+00,  7.76261446e-01,  1.06029453e+00,  4.52766308e+00,  7.11938064e-03,  4.35723555e+01,  1.10506213e+02,  1.14564452e+00
  1.07137016e+00,  7.37293106e-01,  1.18236229e+00,  9.60750070e-01,  1.54461183e+00,  4.55000296e+00,  7.85561655e-03,  4.57476539e+01,  1.05638109e+02,  1.13583767e+00
  1.16072806e+00,  1.29193349e+00,  1.02054110e+00,  7.35726581e-01,  2.00383054e+00,  4.08673906e+00,  1.19135621e-02,  4.42723202e+01,  1.02864644e+02,  1.13004173e+00
  1.01153502e+00,  9.30878880e-01,  7.28840990e-01,  7.32607496e-01,  1.05075890e+00,  4.19238496e+00,  1.09275214e-02,  3.96086756e+01,  1.11626343e+02,  1.14898338e+00
  1.08210956e+00,  7.28628734e-01,  1.21098363e+00,  1.01917501e+00,  1.60549136e+00,  4.56556956e+00,  7.86568104e-03,  4.60800310e+01,  1.05144663e+02,  1.13475918e+00
  1.09116809e+00,  1.00529353e+00,  1.18671287e+00,  1.24484074e+00,  1.84692185e+00,  4.34860514e+00,  9.80527631e-03,  4.55469822e+01,  1.03659769e+02,  1.13094514e+00
  1.20528639e+00,  7.57619552e-01,  7.21334543e-01,  1.24445162e+00,  1.60439694e+00,  4.34652393e+00,  1.19002066e-02,  4.22941660e+01,  1.05463261e+02,  1.13664541e+00
  1.01711635e+00,  9.02075084e-01,  7.68577142e-01,  1.04731846e+00,  1.08834826e+00,  4.21107482e+00,  1.15093013e-02,  3.96518433e+01,  1.11051522e+02,  1.14729889e+00
  1.11285188e+00,  1.02517011e+00,  7.16690183e-01,  1.18751647e+00,  1.38105454e+00,  4.14139703e+00,  1.31686195e-02,  4.03396666e+01,  1.07818801e+02,  1.14081860e+00
  1.20876424e+00,  1.27637742e+00,  9.98375425e-01,  1.28801899e+00,  2.14242545e+00,  4.06722795e+00,  1.39014800e-02,  4.36688381e+01,  1.02011910e+02,  1.12797276e+00
  1.19006652e+00,  1.11937399e+00,  1.03118396e+00,  9.06898412e-01,  2.01672138e+00,  4.17963514e+00,  1.16634469e-02,  4.44851774e+01,  1.02715636e+02,  1.12993475e+00
  9.79852243e-01,  1.22600041e+00,  8.09697187e-01,  9.26199338e-01,  1.19613792e+00,  4.02813047e+00,  1.24278477e-02,  3.97085946e+01,  1.10173954e+02,  1.14480101e+00
  1.28362783e+00,  7.28326303e-01,  7.44252401e-01,  9.15044135e-01,  1.94080522e+00,  4.40775971e+00,  1.08467904e-02,  4.43190327e+01,  1.03030190e+02,  1.13237917e+00
  9.27184972e-01,  9.47180099e-01,  1.00851551e+00,  1.27384568e+00,  1.15847240e+00,  4.37898250e+00,  8.94667033e-03,  4.26211408e+01,  1.09678188e+02,  1.14296184e+00
  7.20260082e-01,  1.02021536e+00,  1.28765863e+00,  1.15151688e+00,  1.34305473e+00,  4.91466002e+00,  3.99962174e-03,  5.10328066e+01,  1.06729920e+02,  1.13573659e+00
  7.02442016e-01,  1.28013716e+00,  1.10098291e+00,  1.18070775e+00,  1.21270991e+00,  4.51021461e+00,  6.11931563e-03,  4.64510634e+01,  1.08726730e+02,  1.13960999e+00
  7.14382372e-01,  9.99661892e-01,  7.07493775e-01,  8.15378514e-01,  5.52774671e-01,  4.24594210e+00,  8.27418386e-03,  3.74883169e+01,  1.21487731e+02,  1.16647488e+00
  9.92181598e-01,  8.60847387e-01,  7.34096993e-01,  1.22074163e+00,  9.84717700e-01,  4.21594775e+00,  1.18291801e-02,  3.87992202e+01,  1.12509390e+02,  1.14996120e+00
  8.46513426e-01,  1.09926603e+00,  8.94387921e-01,  7.45823015e-01,  9.65527600e-01,  4.25827281e+00,  8.54387888e-03,  4.12893553e+01,  1.12618849e+02,  1.14917782e+00
  1.28707304e+00,  1.29072678e+00,  1.09951929e+00,  1.10679372e+00,  2.60984322e+00,  4.10090551e+00,  1.32553472e-02,  4.57435657e+01,  9.95394161e+01,  1.12299610e+00
  1.01831483e+00,  8.95851766e-01,  8.91563381e-01,  7.50049984e-01,  1.19061947e+00,  4.28462868e+00,  9.76590892e-03,  4.16239840e+01,  1.09566705e+02,  1.14432877e+00
  7.88910340e-01,  9.29969490e-01,  1.00969635e+00,  1.08904140e+00,  9.14131756e-01,  4.58805078e+00,  6.20104714e-03,  4.39467339e+01,  1.12309841e+02,  1.14782233e+00
  8.05778853e-01,  1.13836555e+00,  7.43089357e-01,  7.32764816e-01,  7.63208224e-01,  4.10220995e+00,  1.00020374e-02,  3.80869987e+01,  1.16922159e+02,  1.15792576e+00
  8.95005157e-01,  1.04188911e+00,  1.21058116e+00,  1.01088314e+00,  1.46983053e+00,  4.56468403e+00,  6.44730712e-03,  4.73742790e+01,  1.06193733e+02,  1.13549804e+00
  7.30442790e-01,  8.79391046e-01,  9.70474486e-01,  9.02737032e-01,  7.53779097e-01,  4.69157323e+00,  5.13165370e-03,  4.40127233e+01,  1.14609215e+02,  1.15252262e+00
  1.14254842e+00,  7.61432849e-01,  1.15320492e+00,  9.48103721e-01,  1.74843989e+00,  4.46449950e+00,  8.97206201e-03,  4.55271628e+01,  1.04235237e+02,  1.13326870e+00
  8.15039271e-01,  1.26289716e+00,  8.69375283e-01,  9.56978947e-01,  9.85688767e-01,  4.14190530e+00,  9.73750173e-03,  4.04522458e+01,  1.12701988e+02,  1.14874287e+00
  1.17979233e+00,  1.01628970e+00,  7.53615913e-01,  8.00289714e-01,  1.63015715e+00,  4.19413156e+00,  1.18950805e-02,  4.22619732e+01,  1.05465389e+02,  1.13673955e+00
  8.91849899e-01,  8.99349214e-01,  9.34412447e-01,  1.18822673e+00,  9.72298889e-01,  4.37941122e+00,  8.77531188e-03,  4.13806616e+01,  1.12126508e+02,  1.14809602e+00
  1.14158384e+00,  1.18425859e+00,  9.18390021e-01,  1.08151687e+00,  1.74781299e+00,  4.09671293e+00,  1.29281257e-02,  4.24552266e+01,  1.04660628e+02,  1.13380499e+00
  1.00887810e+00,  1.21342142e+00,  9.37396250e-01,  7.68988960e-01,  1.40822731e+00,  4.11433917e+00,  1.09405493e-02,  4.20972051e+01,  1.07589479e+02,  1.13947316e+00
  8.59489095e-01,  1.13373316e+00,  1.00056915e+00,  1.08217299e+00,  1.15235006e+00,  4.32107161e+00,  8.45771152e-03,  4.30115735e+01,  1.09884590e+02,  1.14302676e+00
  1.11204305e+00,  1.11741280e+00,  1.28270572e+00,  7.60207441e-01,  2.16492463e+00,  4.35111695e+00,  8.61654323e-03,  4.79552783e+01,  1.01721356e+02,  1.12699751e+00
  1.04061498e+00,  1.04104059e+00,  7.74969345e-01,  1.07279819e+00,  1.22282129e+00,  4.12434491e+00,  1.24679139e-02,  3.98690714e+01,  1.09595498e+02,  1.14413426e+00
  1.07735867e+00,  8.71523871e-01,  1.12228727e+00,  1.02725804e+00,  1.59942684e+00,  4.40772612e+00,  9.10758275e-03,  4.48081225e+01,  1.05400181e+02,  1.13513503e+00
  7.28345877e-01,  1.07037086e+00,  1.09245222e+00,  1.19340352e+00,  1.06251084e+00,  4.64921658e+00,  5.47923391e-03,  4.63383704e+01,  1.10129019e+02,  1.14269680e+00
  1.08197770e+00,  7.30667730e-01,  9.41513562e-01,  7.96737179e-01,  1.31124347e+00,  4.40688437e+00,  9.31215835e-03,  4.27395075e+01,  1.07987641e+02,  1.14160345e+00
  1.17428319e+00,  7.95756243e-01,  1.11282177e+00,  1.06334723e+00,  1.84008419e+00,  4.40423600e+00,  9.98365951e-03,  4.50408066e+01,  1.03673821e+02,  1.13213225e+00
  8.58673180e-01,  9.26162948e-01,  7.75341609e-01,  1.22269602e+00,  7.79718367e-01,  4.22687462e+00,  1.03689555e-02,  3.83040426e+01,  1.16011373e+02,  1.15590474e+00
  1.17500264e+00,  7.07981701e-01,  7.15353387e-01,  1.25400128e+00,  1.46189794e+00,  4.36888260e+00,  1.16338461e-02,  4.17864092e+01,  1.06633031e+02,  1.13903626e+00
  1.17203356e+00,  1.01252256e+00,  1.29260231e+00,  7.89730187e-01,  2.27548877e+00,  4.37778653e+00,  8.88251599e-03,  4.80241524e+01,  1.01129354e+02,  1.12611815e+00
  8.05877222e-01,  7.62552290e-01,  1.18190938e+00,  1.05672164e+00,  1.02013177e+00,  4.92954321e+00,  4.32924647e-03,  4.79243309e+01,  1.09979531e+02,  1.14327595e+00
