# a, b, af, bf, alfa1, beta1, alfa2, beta2, vol, fibstretch 
  1.33036238e+02,  4.56330178e+00,  1.07369470e+02,  9.49266300e+00,  3.08290955e-01,  4.71422705e+00,  5.40756546e-03,  3.65327916e+01,  1.28181821e+02,  1.18510872e+00
  1.32458095e+02,  5.91395630e+00,  8.39215378e+01,  1.51881519e+01,  6.51750829e-01,  5.09310534e+00,  3.92945087e-03,  4.38670016e+01,  1.15222892e+02,  1.16034209e+00
  1.66163288e+02,  6.02203813e+00,  1.04178436e+02,  1.22125749e+01,  8.32074412e-01,  4.77009312e+00,  5.93882997e-03,  4.22139725e+01,  1.13104464e+02,  1.15579152e+00
  1.53588248e+02,  5.61199897e+00,  9.41458897e+01,  1.28912165e+01,  6.42518540e-01,  4.82429878e+00,  5.32419638e-03,  4.12723025e+01,  1.16413673e+02,  1.16266514e+00
  1.52075275e+02,  6.09158311e+00,  1.51300030e+02,  1.38211283e+01,  8.63173524e-01,  4.83375948e+00,  5.57718273e-03,  4.33833733e+01,  1.12425171e+02,  1.15293054e+00
  1.88452365e+02,  6.20318274e+00,  1.48607620e+02,  1.36901275e+01,  1.09898994e+00,  4.61684094e+00,  7.13047583e-03,  4.29410917e+01,  1.09864459e+02,  1.14803235e+00
  1.79722884e+02,  7.27708753e+00,  1.19320093e+02,  9.06822760e+00,  1.41714523e+00,  4.80989724e+00,  5.96010219e-03,  4.63082173e+01,  1.06356399e+02,  1.14103952e+00
  1.65373003e+02,  4.92326817e+00,  1.34772559e+02,  9.73330323e+00,  4.98936173e-01,  4.50976036e+00,  7.20352358e-03,  3.73113087e+01,  1.21690456e+02,  1.17187913e+00
  1.61891063e+02,  7.19222962e+00,  1.21510845e+02,  1.49048915e+01,  1.39080788e+00,  4.97240528e+00,  5.19733846e-03,  4.71828966e+01,  1.06334693e+02,  1.14152763e+00
  1.84492346e+02,  4.57883653e+00,  1.39386390e+02,  1.51341528e+01,  5.57540367e-01,  4.43855489e+00,  6.68626463e-03,  3.88416689e+01,  1.20306503e+02,  1.16665222e+00
  1.56142936e+02,  5.94760781e+00,  1.19144869e+02,  9.67965470e+00,  7.28754796e-01,  4.76440815e+00,  5.92422655e-03,  4.14582466e+01,  1.14914735e+02,  1.15894137e+00
  1.47455492e+02,  5.62064941e+00,  1.39086933e+02,  9.58679565e+00,  6.07543815e-01,  4.74129922e+00,  5.98666432e-03,  4.02455860e+01,  1.17550099e+02,  1.16378721e+00
  1.47867964e+02,  5.74059162e+00,  1.38719523e+02,  1.35963177e+01,  7.10124378e-01,  4.82747597e+00,  5.37902218e-03,  4.22577245e+01,  1.15030843e+02,  1.15828884e+00
  1.20168946e+02,  6.55430516e+00,  1.50516651e+02,  1.27601754e+01,  8.09681591e-01,  5.13869327e+00,  4.28687438e-03,  4.51914889e+01,  1.12366655e+02,  1.15311720e+00
  1.12039309e+02,  5.63742416e+00,  1.03444756e+02,  8.33218052e+00,  4.16871508e-01,  5.06821791e+00,  4.17985991e-03,  4.06679502e+01,  1.21365585e+02,  1.17230518e+00
  1.20251227e+02,  5.20247577e+00,  8.37712764e+01,  8.52241141e+00,  3.53529161e-01,  4.95489663e+00,  4.50133499e-03,  3.88372159e+01,  1.24400152e+02,  1.17885944e+00
  1.81684217e+02,  5.23765835e+00,  1.40905965e+02,  1.51417969e+01,  7.34530157e-01,  4.55039664e+00,  6.69179933e-03,  4.06758579e+01,  1.15602760e+02,  1.15861827e+00
  1.63401433e+02,  4.97944762e+00,  1.44112872e+02,  1.43365160e+01,  5.79279571e-01,  4.61026085e+00,  6.03631079e-03,  3.99888632e+01,  1.18837111e+02,  1.16454242e+00
  1.75398346e+02,  7.73944604e+00,  1.27440908e+02,  1.37500147e+01,  1.78927241e+00,  4.93140841e+00,  5.60278147e-03,  4.85162619e+01,  1.03572593e+02,  1.13563512e+00
  1.18745789e+02,  4.99042355e+00,  8.43208426e+01,  1.20629723e+01,  3.44704575e-01,  5.01486248e+00,  3.89815084e-03,  3.97783210e+01,  1.24408249e+02,  1.17844401e+00
  1.63007233e+02,  7.21423174e+00,  9.68229177e+01,  8.28788261e+00,  1.22456588e+00,  4.93619267e+00,  5.14120163e-03,  4.63669435e+01,  1.07874124e+02,  1.14450055e+00
  1.79448961e+02,  7.64232413e+00,  1.43976320e+02,  1.14754902e+01,  1.71586480e+00,  4.85016923e+00,  6.01828177e-03,  4.77258796e+01,  1.04107694e+02,  1.13633247e+00
  1.44262375e+02,  5.80927438e+00,  9.49282964e+01,  1.09690281e+01,  6.28616594e-01,  4.88846174e+00,  5.13615126e-03,  4.14697196e+01,  1.16464593e+02,  1.16288047e+00
  1.40639415e+02,  6.22924282e+00,  1.25863276e+02,  1.19034001e+01,  7.84451443e-01,  4.94684610e+00,  5.03479864e-03,  4.33693672e+01,  1.13323779e+02,  1.15574591e+00
  1.48946774e+02,  4.24644699e+00,  1.48346937e+02,  9.98438846e+00,  3.26519611e-01,  4.48803230e+00,  6.68046416e-03,  3.53734125e+01,  1.28953732e+02,  1.18455185e+00
  1.62694161e+02,  7.78472110e+00,  8.47171525e+01,  1.48332114e+01,  1.66755811e+00,  5.09778926e+00,  4.69948321e-03,  4.91281453e+01,  1.04191467e+02,  1.13790332e+00
  1.61691906e+02,  4.89039047e+00,  1.21180719e+02,  1.42021515e+01,  5.29094442e-01,  4.63945404e+00,  5.71051601e-03,  3.96462078e+01,  1.20057681e+02,  1.16770967e+00
  1.44728727e+02,  4.35235197e+00,  1.11821270e+02,  1.35739307e+01,  3.47881179e-01,  4.68158222e+00,  4.77149014e-03,  3.83815896e+01,  1.26409161e+02,  1.17914157e+00
  1.76885632e+02,  4.36068980e+00,  1.25556673e+02,  1.50304573e+01,  4.69189175e-01,  4.47064545e+00,  6.03177781e-03,  3.84622978e+01,  1.22901071e+02,  1.17153250e+00
  1.08973380e+02,  4.77601986e+00,  1.30125823e+02,  1.23570423e+01,  3.11053969e-01,  4.99339780e+00,  3.81172611e-03,  3.98643666e+01,  1.26087354e+02,  1.17863797e+00
  1.93501424e+02,  7.15850188e+00,  1.43501845e+02,  1.27363924e+01,  1.57228188e+00,  4.71388102e+00,  6.82097734e-03,  4.59695367e+01,  1.05257343e+02,  1.13877272e+00
  1.17927817e+02,  4.53422810e+00,  1.25128256e+02,  1.47779753e+01,  3.21335369e-01,  4.93803621e+00,  3.40495625e-03,  4.10571543e+01,  1.25939607e+02,  1.17615369e+00
  1.82641442e+02,  4.51016179e+00,  1.45670669e+02,  8.36587847e+00,  4.47902659e-01,  4.28555071e+00,  8.89801137e-03,  3.48675876e+01,  1.24942568e+02,  1.17780881e+00
  1.17450833e+02,  7.41231869e+00,  8.45560984e+01,  1.41871245e+01,  1.06305743e+00,  5.41717212e+00,  3.29004971e-03,  4.87444781e+01,  1.08612929e+02,  1.14742718e+00
  1.42793630e+02,  6.78946921e+00,  9.39371665e+01,  1.15239058e+01,  9.57641759e-01,  5.05850401e+00,  4.60348410e-03,  4.53130737e+01,  1.10544402e+02,  1.15088488e+00
  1.37328767e+02,  7.29295170e+00,  1.26141106e+02,  1.21699831e+01,  1.18557739e+00,  5.12990539e+00,  4.47134557e-03,  4.73068128e+01,  1.07904712e+02,  1.14479053e+00
  1.40293500e+02,  7.78290660e+00,  1.25848120e+02,  8.42572737e+00,  1.36187526e+00,  5.14559796e+00,  4.37965387e-03,  4.86012583e+01,  1.06334830e+02,  1.14117501e+00
  1.69542093e+02,  6.67381513e+00,  1.10460479e+02,  1.41336040e+01,  1.15847742e+00,  4.85822311e+00,  5.65746859e-03,  4.50325689e+01,  1.08676289e+02,  1.14659793e+00
  1.87486544e+02,  5.52641829e+00,  1.37441654e+02,  9.34488763e+00,  7.44086732e-01,  4.46693024e+00,  7.92124085e-03,  3.92202851e+01,  1.15763360e+02,  1.16008462e+00
  1.33873137e+02,  4.85754078e+00,  1.36088713e+02,  1.20580195e+01,  4.09080308e-01,  4.77207473e+00,  5.11567352e-03,  3.90390484e+01,  1.23257614e+02,  1.17387674e+00
  1.27848878e+02,  5.09236176e+00,  1.30161827e+02,  1.30625816e+01,  4.43452863e-01,  4.88929456e+00,  4.54282196e-03,  4.05593836e+01,  1.21388566e+02,  1.17026679e+00
  1.28720566e+02,  7.46985303e+00,  9.70728961e+01,  1.10424340e+01,  1.13426775e+00,  5.26147675e+00,  3.86589622e-03,  4.80302122e+01,  1.08176796e+02,  1.14593478e+00
  1.72420700e+02,  7.18574467e+00,  1.23247841e+02,  9.56748867e+00,  1.33237795e+00,  4.84095185e+00,  5.80221041e-03,  4.60519271e+01,  1.07036271e+02,  1.14254155e+00
  1.56605763e+02,  6.12815936e+00,  1.31335737e+02,  1.32141694e+01,  8.68064316e-01,  4.82644374e+00,  5.63615057e-03,  4.31545773e+01,  1.12375078e+02,  1.15353344e+00
  1.38551931e+02,  6.70217295e+00,  9.91891145e+01,  8.46704084e+00,  8.48863808e-01,  5.03205933e+00,  4.57449488e-03,  4.46650049e+01,  1.12086755e+02,  1.15341558e+00
  1.93743552e+02,  5.45610546e+00,  8.51417106e+01,  1.28543505e+01,  7.54292619e-01,  4.55159433e+00,  7.18255962e-03,  3.97762734e+01,  1.15222279e+02,  1.16049199e+00
  1.11162786e+02,  6.54009596e+00,  1.25090353e+02,  1.10648849e+01,  6.92098064e-01,  5.23534294e+00,  3.85231322e-03,  4.48128556e+01,  1.14007581e+02,  1.15728518e+00
  1.32557805e+02,  4.28385139e+00,  1.38180578e+02,  1.03758827e+01,  2.88684064e-01,  4.64200674e+00,  5.52106319e-03,  3.61985532e+01,  1.29852397e+02,  1.18621409e+00
  1.76320040e+02,  6.31389472e+00,  1.14532017e+02,  1.17420384e+01,  9.98038941e-01,  4.72487320e+00,  6.37673216e-03,  4.29865658e+01,  1.10850455e+02,  1.15089119e+00
  1.59616595e+02,  7.26712430e+00,  8.67984420e+01,  9.73386035e+00,  1.24200080e+00,  4.99438307e+00,  4.92724212e-03,  4.67028091e+01,  1.07607535e+02,  1.14442733e+00
  1.39867310e+02,  6.42052780e+00,  1.18370330e+02,  1.19063561e+01,  8.37472334e-01,  4.99310055e+00,  4.85541788e-03,  4.40769659e+01,  1.12357409e+02,  1.15402010e+00
  1.21983174e+02,  5.74067033e+00,  1.11398450e+02,  1.50454801e+01,  5.80560085e-01,  5.10682696e+00,  3.77105614e-03,  4.37822989e+01,  1.16672905e+02,  1.16175011e+00
  1.64921320e+02,  5.23105114e+00,  1.12502914e+02,  1.11206309e+01,  5.75925172e-01,  4.62426412e+00,  6.48552463e-03,  3.90034883e+01,  1.18865805e+02,  1.16698266e+00
  1.13550468e+02,  6.55726018e+00,  1.47494288e+02,  1.21742533e+01,  7.53285320e-01,  5.19511221e+00,  4.06240279e-03,  4.51305072e+01,  1.13088633e+02,  1.15472275e+00
  1.59746977e+02,  6.98764740e+00,  8.19047139e+01,  1.22306646e+01,  1.15435837e+00,  4.98862889e+00,  5.00926324e-03,  4.58747339e+01,  1.08469877e+02,  1.14679025e+00
  1.25905604e+02,  5.16215049e+00,  1.07536635e+02,  1.03030783e+01,  4.00938268e-01,  4.89625846e+00,  4.77364002e-03,  3.92495357e+01,  1.22849189e+02,  1.17501633e+00
  1.78445424e+02,  7.29588429e+00,  1.17443975e+02,  9.49625651e+00,  1.42577067e+00,  4.82639141e+00,  5.89386636e-03,  4.64192887e+01,  1.06261065e+02,  1.14095295e+00
  1.71175317e+02,  7.37568196e+00,  8.68708793e+01,  1.41220589e+01,  1.48541161e+00,  4.97573494e+00,  5.22291528e-03,  4.74007957e+01,  1.05588961e+02,  1.14072852e+00
  1.23075252e+02,  7.74106626e+00,  8.82071992e+01,  1.04172420e+01,  1.18538827e+00,  5.36018860e+00,  3.50506473e-03,  4.91263268e+01,  1.07532600e+02,  1.14473787e+00
  1.78332011e+02,  7.30497340e+00,  1.12238089e+02,  8.66634621e+00,  1.40578783e+00,  4.82973275e+00,  5.80563352e-03,  4.64552034e+01,  1.06422645e+02,  1.14121147e+00
  1.40791402e+02,  6.41327031e+00,  1.24251776e+02,  1.40533535e+01,  8.88989437e-01,  5.00736932e+00,  4.72601039e-03,  4.47906261e+01,  1.11572464e+02,  1.15205912e+00
  1.88989818e+02,  6.37170238e+00,  1.51476665e+02,  9.55706796e+00,  1.08231120e+00,  4.58021744e+00,  7.38614019e-03,  4.25772850e+01,  1.10160338e+02,  1.14848276e+00
  1.80331041e+02,  7.21704508e+00,  1.32932764e+02,  8.40356305e+00,  1.38809332e+00,  4.77446000e+00,  6.14237619e-03,  4.59836026e+01,  1.06654619e+02,  1.14135428e+00
  1.68991899e+02,  6.31807063e+00,  1.18678977e+02,  1.44001652e+01,  1.01956510e+00,  4.80465871e+00,  5.80691539e-03,  4.39524238e+01,  1.10373668e+02,  1.14975906e+00
  1.66282153e+02,  6.99923495e+00,  1.08657786e+02,  1.04416529e+01,  1.20133689e+00,  4.88286032e+00,  5.54305083e-03,  4.55465547e+01,  1.08195900e+02,  1.14537905e+00
  1.45489331e+02,  4.28210747e+00,  1.39811567e+02,  1.38542706e+01,  3.59450026e-01,  4.62724788e+00,  4.97858452e-03,  3.85487293e+01,  1.26249086e+02,  1.17697388e+00
  1.83017724e+02,  7.68333210e+00,  1.43118731e+02,  1.08972317e+01,  1.75248406e+00,  4.83016987e+00,  6.11622450e-03,  4.77714791e+01,  1.03889680e+02,  1.13581231e+00
  1.29090027e+02,  5.37133072e+00,  1.15708199e+02,  1.02356778e+01,  4.61609709e-01,  4.88944111e+00,  4.95157644e-03,  3.99058875e+01,  1.20810042e+02,  1.17083928e+00
  1.18063624e+02,  4.79848671e+00,  9.97773382e+01,  1.15800804e+01,  3.16802108e-01,  4.94857465e+00,  4.10278146e-03,  3.89791288e+01,  1.26101377e+02,  1.18085284e+00
  1.53178170e+02,  6.37048437e+00,  9.42192988e+01,  1.05952262e+01,  8.46849067e-01,  4.90409565e+00,  5.24652678e-03,  4.33714691e+01,  1.12474304e+02,  1.15466217e+00
  1.70265178e+02,  4.52234968e+00,  1.06018457e+02,  9.83543575e+00,  4.07590775e-01,  4.45224053e+00,  7.27489032e-03,  3.57290615e+01,  1.25387637e+02,  1.17978740e+00
  1.17629438e+02,  6.02878040e+00,  1.26320017e+02,  9.57047463e+00,  5.64791554e-01,  5.06747180e+00,  4.39195531e-03,  4.23507485e+01,  1.17199113e+02,  1.16355015e+00
  1.29107596e+02,  7.02120054e+00,  1.15325247e+02,  1.10629227e+01,  9.70008029e-01,  5.16260282e+00,  4.22627798e-03,  4.62793155e+01,  1.10153953e+02,  1.14963871e+00
  1.24690438e+02,  6.43690300e+00,  8.63036618e+01,  1.12162494e+01,  7.06614962e-01,  5.16610565e+00,  4.01477635e-03,  4.42840156e+01,  1.13967945e+02,  1.15822424e+00
  1.34622716e+02,  6.90605109e+00,  1.25253364e+02,  1.03829103e+01,  9.60534413e-01,  5.07572097e+00,  4.58841812e-03,  4.55940950e+01,  1.10467565e+02,  1.14997632e+00
  1.17934281e+02,  6.77116854e+00,  1.21719992e+02,  1.50981904e+01,  8.86068587e-01,  5.27064062e+00,  3.66324672e-03,  4.69694823e+01,  1.10957108e+02,  1.15074993e+00
  1.51220709e+02,  7.35274168e+00,  1.24329736e+02,  8.62170207e+00,  1.23858176e+00,  5.00163083e+00,  4.93763577e-03,  4.68891910e+01,  1.07625650e+02,  1.14376214e+00
  1.70876445e+02,  7.63679293e+00,  9.94642331e+01,  1.47296906e+01,  1.67218434e+00,  4.99832237e+00,  5.18028793e-03,  4.84509246e+01,  1.04252958e+02,  1.13766737e+00
  1.38458838e+02,  7.00044100e+00,  1.39675102e+02,  1.33174158e+01,  1.10772494e+00,  5.07377474e+00,  4.68321238e-03,  4.65273857e+01,  1.08785359e+02,  1.14623244e+00
  1.35427320e+02,  4.95832259e+00,  1.30394940e+02,  1.02347441e+01,  4.08822404e-01,  4.74504925e+00,  5.53532099e-03,  3.82772688e+01,  1.23434243e+02,  1.17526005e+00
  1.92448880e+02,  4.58574336e+00,  1.21434373e+02,  9.72015300e+00,  4.94588663e-01,  4.30595179e+00,  8.72597110e-03,  3.55259840e+01,  1.23085834e+02,  1.17486952e+00
  1.94456238e+02,  5.75026629e+00,  1.50927318e+02,  8.93144230e+00,  8.52936800e-01,  4.44181354e+00,  8.22467101e-03,  3.99380260e+01,  1.13865374e+02,  1.15590940e+00
  1.61381146e+02,  5.35183036e+00,  1.16726906e+02,  1.37606279e+01,  6.38382071e-01,  4.70959660e+00,  5.77595754e-03,  4.07348821e+01,  1.16970534e+02,  1.16260920e+00
  1.22354894e+02,  4.31703759e+00,  8.45324470e+01,  1.14003126e+01,  2.45401029e-01,  4.85568646e+00,  4.08449079e-03,  3.72475007e+01,  1.30877799e+02,  1.19010620e+00
  1.07333512e+02,  4.80495429e+00,  1.44310017e+02,  9.70828196e+00,  2.92299643e-01,  4.92423743e+00,  4.50145123e-03,  3.81355496e+01,  1.27524970e+02,  1.18235787e+00
  1.83215825e+02,  7.09980640e+00,  1.18504328e+02,  8.52606401e+00,  1.33549346e+00,  4.75901499e+00,  6.17476524e-03,  4.55846665e+01,  1.07143496e+02,  1.14254521e+00
  1.62335027e+02,  4.88897528e+00,  9.26157194e+01,  9.16665616e+00,  4.43996580e-01,  4.57328880e+00,  6.64434776e-03,  3.70068244e+01,  1.23182311e+02,  1.17600445e+00
  1.24038519e+02,  6.80971014e+00,  9.77508282e+01,  9.35414371e+00,  8.06559605e-01,  5.18281787e+00,  3.99963587e-03,  4.53796965e+01,  1.12300603e+02,  1.15423324e+00
  1.86770807e+02,  4.61208674e+00,  1.21605061e+02,  1.41548027e+01,  5.43834947e-01,  4.43561747e+00,  6.96078171e-03,  3.81163970e+01,  1.20723014e+02,  1.16887967e+00
  1.83911915e+02,  7.50417327e+00,  9.82243998e+01,  1.39058445e+01,  1.67270580e+00,  4.88975486e+00,  5.75318766e-03,  4.75979808e+01,  1.04354628e+02,  1.13779244e+00
  1.12000676e+02,  7.38139844e+00,  1.50693643e+02,  1.08747604e+01,  1.01234881e+00,  5.30892584e+00,  3.82754400e-03,  4.76773533e+01,  1.09355653e+02,  1.14733182e+00
  1.37020928e+02,  7.02200201e+00,  1.45284681e+02,  9.50146070e+00,  1.02479773e+00,  5.03418856e+00,  4.82634679e-03,  4.57690304e+01,  1.09787294e+02,  1.14809539e+00
  1.24485571e+02,  4.31843799e+00,  1.18998298e+02,  9.28735001e+00,  2.53729412e-01,  4.71480787e+00,  5.19512495e-03,  3.57858314e+01,  1.31484408e+02,  1.19062451e+00
  1.20092022e+02,  5.93540612e+00,  1.39535175e+02,  1.23582149e+01,  6.06622456e-01,  5.05779940e+00,  4.37177334e-03,  4.29893999e+01,  1.16285505e+02,  1.16101696e+00
  1.09934771e+02,  6.37619417e+00,  1.03926231e+02,  1.43374648e+01,  6.69540900e-01,  5.31367249e+00,  3.35161841e-03,  4.56279892e+01,  1.14167053e+02,  1.15776350e+00
  1.81883869e+02,  4.77965739e+00,  1.10511895e+02,  1.50173259e+01,  5.72632499e-01,  4.52304031e+00,  6.32315784e-03,  3.92059523e+01,  1.19444718e+02,  1.16667869e+00
  1.28638772e+02,  7.77647420e+00,  8.49754848e+01,  1.42125856e+01,  1.33533591e+00,  5.36063395e+00,  3.56621045e-03,  4.97324516e+01,  1.06258884e+02,  1.14244320e+00
  1.93416825e+02,  4.45205769e+00,  1.23443906e+02,  1.42719256e+01,  5.27853858e-01,  4.37197687e+00,  7.25313158e-03,  3.75854819e+01,  1.21571800e+02,  1.17015275e+00
  1.70453039e+02,  4.55657207e+00,  8.52351257e+01,  8.68637688e+00,  3.88324299e-01,  4.46054316e+00,  7.27854506e-03,  3.53454878e+01,  1.26160403e+02,  1.18193489e+00
  1.57332967e+02,  7.06533004e+00,  1.37135008e+02,  1.48223923e+01,  1.31201320e+00,  4.96417993e+00,  5.22102021e-03,  4.68329391e+01,  1.07014574e+02,  1.14254234e+00
  1.46470185e+02,  7.55426999e+00,  1.47301512e+02,  9.53661151e+00,  1.34512773e+00,  5.03993699e+00,  4.91062278e-03,  4.76281350e+01,  1.06620106e+02,  1.14150696e+00
  1.13752357e+02,  6.97425582e+00,  1.43811080e+02,  1.01524632e+01,  8.50827970e-01,  5.23393600e+00,  3.99784480e-03,  4.60466607e+01,  1.11525737e+02,  1.15184287e+00
  1.39177933e+02,  4.37653130e+00,  8.85575740e+01,  8.60027245e+00,  2.76445701e-01,  4.63993097e+00,  5.76567567e-03,  3.52058821e+01,  1.30631425e+02,  1.19056443e+00
  1.75627267e+02,  4.72427634e+00,  8.67414141e+01,  8.89676817e+00,  4.41362806e-01,  4.46063857e+00,  7.41513068e-03,  3.60178569e+01,  1.23997189e+02,  1.17765041e+00
  1.51327082e+02,  4.46366210e+00,  1.47581200e+02,  1.31675934e+01,  4.07974809e-01,  4.58548257e+00,  5.71443286e-03,  3.81970845e+01,  1.24456891e+02,  1.17454266e+00
  1.07623240e+02,  7.04426571e+00,  1.47149879e+02,  8.70225036e+00,  8.04563463e-01,  5.28094008e+00,  3.80284037e-03,  4.61315290e+01,  1.12066604e+02,  1.15279929e+00
  1.77720554e+02,  4.45022240e+00,  1.04030735e+02,  9.60523581e+00,  4.09531427e-01,  4.39026127e+00,  7.76229726e-03,  3.52001146e+01,  1.25748427e+02,  1.18054340e+00
  1.31970531e+02,  5.90037467e+00,  1.12198957e+02,  1.00699811e+01,  5.98098254e-01,  4.95574142e+00,  4.84297706e-03,  4.17790752e+01,  1.16875449e+02,  1.16322991e+00
  1.11264580e+02,  4.71795526e+00,  1.30248400e+02,  8.53354035e+00,  2.73490960e-01,  4.86457623e+00,  4.77866405e-03,  3.70887334e+01,  1.29028655e+02,  1.18607770e+00
  1.85885961e+02,  6.17604554e+00,  9.62219814e+01,  1.27787248e+01,  9.92634591e-01,  4.68650984e+00,  6.58497999e-03,  4.25448767e+01,  1.11020606e+02,  1.15168846e+00
  1.14423170e+02,  5.63650018e+00,  1.31688323e+02,  1.47599631e+01,  5.32534798e-01,  5.12038905e+00,  3.69794973e-03,  4.36315155e+01,  1.17757753e+02,  1.16286433e+00
  1.09630507e+02,  7.05260003e+00,  1.16682732e+02,  1.35784665e+01,  8.88750581e-01,  5.37664529e+00,  3.41681745e-03,  4.74877381e+01,  1.10680689e+02,  1.15069603e+00
  1.10352323e+02,  7.19649018e+00,  1.32594231e+02,  1.46195437e+01,  9.90638173e-01,  5.37534138e+00,  3.47002740e-03,  4.82933149e+01,  1.09463833e+02,  1.14763092e+00
  1.57601536e+02,  4.80056518e+00,  1.35948130e+02,  1.41215019e+01,  5.04620157e-01,  4.63035273e+00,  5.68412449e-03,  3.95256596e+01,  1.20827269e+02,  1.16838607e+00
  1.05149074e+02,  4.59906698e+00,  1.20209446e+02,  8.72754328e+00,  2.36750686e-01,  4.92312910e+00,  4.36395797e-03,  3.69235206e+01,  1.30939616e+02,  1.18989578e+00
  1.80971795e+02,  7.00115739e+00,  1.16702864e+02,  9.24229378e+00,  1.28396843e+00,  4.76577376e+00,  6.16316316e-03,  4.52569688e+01,  1.07607662e+02,  1.14369296e+00
  1.55443651e+02,  6.65480401e+00,  1.31900481e+02,  1.46792490e+01,  1.09990407e+00,  4.92846886e+00,  5.24139934e-03,  4.54806442e+01,  1.09159226e+02,  1.14697080e+00
  1.27782655e+02,  5.15244681e+00,  1.05374802e+02,  1.51917748e+01,  4.62221083e-01,  4.98424500e+00,  3.81619048e-03,  4.21247903e+01,  1.20307129e+02,  1.16823767e+00
  1.69851544e+02,  5.21761439e+00,  1.22833321e+02,  1.50368697e+01,  6.61017572e-01,  4.64601912e+00,  5.93507855e-03,  4.08319074e+01,  1.16735422e+02,  1.16138040e+00
  1.08808568e+02,  7.76842854e+00,  9.91037204e+01,  9.86750638e+00,  1.06746149e+00,  5.47612175e+00,  3.13932584e-03,  4.93681301e+01,  1.08467768e+02,  1.14653737e+00
  1.06165946e+02,  5.15646694e+00,  8.53323047e+01,  8.94656375e+00,  3.01987560e-01,  5.08715564e+00,  3.89203120e-03,  3.90844392e+01,  1.25948880e+02,  1.18201648e+00
  1.69245425e+02,  6.57816380e+00,  9.84233739e+01,  1.51035808e+01,  1.11896393e+00,  4.87858254e+00,  5.45455270e-03,  4.49974174e+01,  1.09055522e+02,  1.14764125e+00
  1.23922085e+02,  6.26812543e+00,  1.30609636e+02,  9.64083755e+00,  6.68309855e-01,  5.04594099e+00,  4.56730172e-03,  4.31662781e+01,  1.15069438e+02,  1.15917433e+00
  1.37860434e+02,  5.98578559e+00,  1.32109311e+02,  1.03467330e+01,  6.72301686e-01,  4.89604895e+00,  5.23280512e-03,  4.20357372e+01,  1.15524980e+02,  1.16001021e+00
  1.15109383e+02,  6.28370562e+00,  1.02983611e+02,  1.19108115e+01,  6.34173014e-01,  5.21147967e+00,  3.80383236e-03,  4.41400115e+01,  1.15169699e+02,  1.16018740e+00
  1.26867108e+02,  5.82472033e+00,  1.39890634e+02,  1.48168182e+01,  6.52094005e-01,  5.02395472e+00,  4.27832422e-03,  4.37587482e+01,  1.15457480e+02,  1.15849863e+00
  1.12071009e+02,  4.80113988e+00,  1.11411772e+02,  8.33785796e+00,  2.76663449e-01,  4.90027421e+00,  4.61305290e-03,  3.73171371e+01,  1.28579376e+02,  1.18597972e+00
  1.11551346e+02,  4.33521070e+00,  9.70025297e+01,  1.33379711e+01,  2.42823479e-01,  4.98668160e+00,  3.15277425e-03,  3.95346372e+01,  1.30015808e+02,  1.18585201e+00
  1.39899308e+02,  6.87696679e+00,  1.05077288e+02,  1.27961494e+01,  1.01252670e+00,  5.09260644e+00,  4.49432447e-03,  4.59664333e+01,  1.09801718e+02,  1.14917871e+00
  1.62078108e+02,  7.17119273e+00,  1.48236906e+02,  1.05237771e+01,  1.30005058e+00,  4.88178273e+00,  5.69437694e-03,  4.61066672e+01,  1.07257614e+02,  1.14281829e+00
  1.48249135e+02,  4.95325542e+00,  9.28712775e+01,  1.27546363e+01,  4.53006126e-01,  4.76251636e+00,  5.15579925e-03,  3.92113453e+01,  1.21756359e+02,  1.17282408e+00
  1.71638133e+02,  7.39984580e+00,  1.24940698e+02,  1.02752188e+01,  1.45855048e+00,  4.88089533e+00,  5.67412256e-03,  4.69064464e+01,  1.05920542e+02,  1.14031162e+00
  1.37780423e+02,  6.85632435e+00,  8.35715001e+01,  9.54488376e+00,  9.02802081e-01,  5.10096140e+00,  4.32620872e-03,  4.54313553e+01,  1.11154610e+02,  1.15205271e+00
  1.88368514e+02,  5.00168601e+00,  1.22262051e+02,  1.23392173e+01,  6.26178592e-01,  4.45089676e+00,  7.60465936e-03,  3.82641444e+01,  1.18433595e+02,  1.16555937e+00
  1.17186405e+02,  6.48261937e+00,  1.13802793e+02,  1.13395975e+01,  7.06166444e-01,  5.19371567e+00,  3.96826603e-03,  4.45980495e+01,  1.13888429e+02,  1.15732687e+00
  1.29352289e+02,  5.46817540e+00,  9.10228828e+01,  9.57771650e+00,  4.57077669e-01,  4.93231106e+00,  4.74909660e-03,  4.00335665e+01,  1.20738498e+02,  1.17149586e+00
  1.33180278e+02,  5.27486037e+00,  9.22999565e+01,  1.27795185e+01,  4.68510608e-01,  4.93294894e+00,  4.46484198e-03,  4.06619674e+01,  1.20372634e+02,  1.17033707e+00
  1.67449765e+02,  4.42086580e+00,  9.49653956e+01,  1.02591847e+01,  3.76438580e-01,  4.48021867e+00,  6.89165900e-03,  3.55937439e+01,  1.26542231e+02,  1.18230837e+00
  1.86797203e+02,  4.80893651e+00,  8.31036627e+01,  9.65823787e+00,  5.00216428e-01,  4.42993955e+00,  7.77473486e-03,  3.63906433e+01,  1.22123724e+02,  1.17413828e+00
  1.64406646e+02,  5.65577100e+00,  8.50765629e+01,  1.17456158e+01,  6.75952497e-01,  4.74883323e+00,  5.89158516e-03,  4.07148118e+01,  1.16010081e+02,  1.16219527e+00
  1.52250178e+02,  5.06008612e+00,  8.96425752e+01,  1.15211733e+01,  4.73132357e-01,  4.72934599e+00,  5.59611510e-03,  3.87851949e+01,  1.21283795e+02,  1.17243918e+00
  1.50527362e+02,  5.48227066e+00,  1.09249367e+02,  1.23977555e+01,  6.00934558e-01,  4.79335117e+00,  5.45494222e-03,  4.07409845e+01,  1.17476366e+02,  1.16425512e+00
  1.23034631e+02,  7.65841345e+00,  1.36050037e+02,  1.18145147e+01,  1.23756874e+00,  5.28128397e+00,  3.94215137e-03,  4.87531442e+01,  1.07183778e+02,  1.14316110e+00
  1.86799677e+02,  4.98222437e+00,  1.07130133e+02,  1.10341533e+01,  5.82771229e-01,  4.45284092e+00,  7.66853509e-03,  3.76162183e+01,  1.19545244e+02,  1.16841150e+00
  1.93136664e+02,  5.71998372e+00,  1.09798343e+02,  8.72376349e+00,  7.98672075e-01,  4.49293906e+00,  7.64824729e-03,  3.99279525e+01,  1.14630166e+02,  1.15807470e+00
  1.12657188e+02,  6.86196692e+00,  1.21670231e+02,  9.64516621e+00,  7.75005608e-01,  5.25710032e+00,  3.80611508e-03,  4.56725229e+01,  1.12575759e+02,  1.15442318e+00
  1.53069228e+02,  7.24292952e+00,  1.40742481e+02,  1.51178314e+01,  1.38138377e+00,  5.01620366e+00,  5.00875067e-03,  4.75990290e+01,  1.06349301e+02,  1.14109127e+00
  1.30195064e+02,  5.88215453e+00,  1.27069179e+02,  1.09833031e+01,  6.10914706e-01,  4.95937286e+00,  4.84475060e-03,  4.20172654e+01,  1.16572020e+02,  1.16220742e+00
  1.62991914e+02,  4.86494575e+00,  8.88042555e+01,  1.52997619e+01,  5.11073641e-01,  4.70040981e+00,  5.10682663e-03,  4.00597780e+01,  1.20264533e+02,  1.16907871e+00
  1.19270975e+02,  7.13857938e+00,  1.36171635e+02,  8.79271710e+00,  9.17614790e-01,  5.20690737e+00,  4.05511090e-03,  4.64255084e+01,  1.10704144e+02,  1.15016768e+00
  1.17785898e+02,  5.09090463e+00,  1.04859469e+02,  1.33271350e+01,  3.89099954e-01,  5.02755249e+00,  3.79037084e-03,  4.10278638e+01,  1.22553229e+02,  1.17333768e+00
  1.92062854e+02,  7.40823613e+00,  1.17271618e+02,  1.41532739e+01,  1.71430904e+00,  4.80380065e+00,  6.28133076e-03,  4.71683168e+01,  1.04160384e+02,  1.13700368e+00
  1.49984819e+02,  4.69913880e+00,  8.67798387e+01,  9.47699891e+00,  3.66713345e-01,  4.64335589e+00,  5.99275537e-03,  3.65985887e+01,  1.25826894e+02,  1.18144456e+00
  1.55681941e+02,  7.30638470e+00,  1.07503234e+02,  1.51146507e+01,  1.38636770e+00,  5.05507151e+00,  4.78433836e-03,  4.77473960e+01,  1.06256476e+02,  1.14172478e+00
  1.64320944e+02,  4.70391833e+00,  9.08935602e+01,  1.29456957e+01,  4.51679578e-01,  4.61589344e+00,  5.84920815e-03,  3.80903897e+01,  1.22639197e+02,  1.17440919e+00
  1.67703640e+02,  7.35310902e+00,  1.48611579e+02,  1.08117533e+01,  1.44357070e+00,  4.87286836e+00,  5.80106316e-03,  4.67367935e+01,  1.06048800e+02,  1.14030903e+00
  1.17442847e+02,  5.14817276e+00,  1.24631774e+02,  9.04899086e+00,  3.65310849e-01,  4.90981409e+00,  4.77646589e-03,  3.88187314e+01,  1.24172078e+02,  1.17712379e+00
  1.91734528e+02,  6.75664765e+00,  1.29703150e+02,  1.00394679e+01,  1.26369327e+00,  4.65573298e+00,  6.92780044e-03,  4.41737239e+01,  1.08004464e+02,  1.14441790e+00
  1.82359865e+02,  4.83095745e+00,  1.44238403e+02,  1.08024053e+01,  5.54624392e-01,  4.39915107e+00,  8.04497886e-03,  3.71095654e+01,  1.20620763e+02,  1.16936556e+00
  1.43867743e+02,  5.13401331e+00,  1.24800229e+02,  1.18624199e+01,  4.93130178e-01,  4.75307830e+00,  5.49077627e-03,  3.95105443e+01,  1.20534384e+02,  1.16956923e+00
  1.09319403e+02,  6.77669570e+00,  1.13699155e+02,  1.11738271e+01,  7.43782417e-01,  5.31092842e+00,  3.59905049e-03,  4.57843339e+01,  1.12916143e+02,  1.15542184e+00
  1.12277338e+02,  5.11086189e+00,  8.73204127e+01,  1.45309854e+01,  3.70492602e-01,  5.14360060e+00,  3.15648234e-03,  4.20899176e+01,  1.22627700e+02,  1.17368530e+00
  1.20220398e+02,  5.06731958e+00,  1.27859051e+02,  1.32750562e+01,  4.10525928e-01,  4.95956550e+00,  4.12842780e-03,  4.08916775e+01,  1.22141503e+02,  1.17150258e+00
  1.77683231e+02,  4.73356955e+00,  1.11955453e+02,  1.00908744e+01,  4.82595011e-01,  4.43957290e+00,  7.59048959e-03,  3.64957608e+01,  1.22649070e+02,  1.17433808e+00
  1.70300369e+02,  6.37982413e+00,  1.51635414e+02,  1.46219017e+01,  1.09695320e+00,  4.76176932e+00,  6.15285085e-03,  4.42409155e+01,  1.09551253e+02,  1.14720312e+00
  1.22215607e+02,  7.70754712e+00,  9.93204081e+01,  1.04382244e+01,  1.17641469e+00,  5.34347547e+00,  3.58722583e-03,  4.89502260e+01,  1.07640438e+02,  1.14475329e+00
  1.92091134e+02,  5.82273590e+00,  1.50870899e+02,  1.16004509e+01,  9.21356138e-01,  4.50712985e+00,  7.84596063e-03,  4.08498509e+01,  1.12545800e+02,  1.15347972e+00
  1.72415907e+02,  4.95314823e+00,  1.26076694e+02,  1.25831243e+01,  5.63758419e-01,  4.53992726e+00,  6.76534774e-03,  3.86012891e+01,  1.19604749e+02,  1.16752473e+00
  1.62727665e+02,  4.33509072e+00,  1.34376544e+02,  9.64369060e+00,  3.66707664e-01,  4.42181574e+00,  7.35886340e-03,  3.51506331e+01,  1.27436442e+02,  1.18259001e+00
  1.09682808e+02,  7.29455959e+00,  1.10936129e+02,  1.02849121e+01,  9.06019943e-01,  5.37893035e+00,  3.43267078e-03,  4.75362207e+01,  1.10461636e+02,  1.15043518e+00
  1.07254963e+02,  6.69617305e+00,  8.79684093e+01,  9.15940902e+00,  6.48491188e-01,  5.33859076e+00,  3.37604622e-03,  4.52435228e+01,  1.14485253e+02,  1.15906885e+00
  1.91764229e+02,  7.58571827e+00,  9.08422546e+01,  1.10253250e+01,  1.69778365e+00,  4.83494051e+00,  5.96452329e-03,  4.75029200e+01,  1.04244347e+02,  1.13723953e+00
  1.18336090e+02,  4.52476774e+00,  1.05032328e+02,  1.16829284e+01,  2.79396052e-01,  4.89388930e+00,  4.08949158e-03,  3.82759032e+01,  1.28456622e+02,  1.18452616e+00
  1.83022088e+02,  5.00653043e+00,  9.73417975e+01,  1.36930148e+01,  6.04880559e-01,  4.54532381e+00,  6.66574859e-03,  3.89729588e+01,  1.18502445e+02,  1.16623395e+00
  1.53778299e+02,  4.74441633e+00,  1.45553689e+02,  1.51368609e+01,  4.99953715e-01,  4.65475052e+00,  5.27071046e-03,  4.02838345e+01,  1.20835245e+02,  1.16711902e+00
  1.86489860e+02,  6.92857732e+00,  1.48267143e+02,  9.26087209e+00,  1.31591348e+00,  4.68090921e+00,  6.78253097e-03,  4.47679669e+01,  1.07455049e+02,  1.14291441e+00
  1.59234432e+02,  7.63142288e+00,  1.33530168e+02,  1.48204402e+01,  1.62614391e+00,  5.02894205e+00,  5.05777810e-03,  4.86727904e+01,  1.04526132e+02,  1.13755435e+00
  1.23145583e+02,  7.70129118e+00,  9.63935217e+01,  1.49079463e+01,  1.28231813e+00,  5.38781427e+00,  3.46514198e-03,  4.97746827e+01,  1.06648935e+02,  1.14297251e+00
  1.09000676e+02,  5.24311141e+00,  8.99200760e+01,  1.21831776e+01,  3.60376193e-01,  5.14007933e+00,  3.53313962e-03,  4.09738377e+01,  1.23045707e+02,  1.17564732e+00
  1.72176610e+02,  5.86074419e+00,  1.28553632e+02,  1.46964538e+01,  8.79424743e-01,  4.70975835e+00,  6.12474155e-03,  4.25430279e+01,  1.12548659e+02,  1.15361020e+00
  1.12495847e+02,  7.53263421e+00,  1.17511934e+02,  9.20263504e+00,  1.00832917e+00,  5.36566023e+00,  3.50031255e-03,  4.82011051e+01,  1.09291832e+02,  1.14775029e+00
  1.11241159e+02,  7.32883971e+00,  1.31524789e+02,  1.18081577e+01,  9.85885293e-01,  5.35086336e+00,  3.62053097e-03,  4.78217140e+01,  1.09569008e+02,  1.14818753e+00
  1.21661266e+02,  7.25988397e+00,  1.24144085e+02,  8.60830238e+00,  9.68279624e-01,  5.22292322e+00,  3.96753404e-03,  4.69239816e+01,  1.10044095e+02,  1.14899464e+00
  1.48821763e+02,  7.34289454e+00,  1.38709999e+02,  1.36149302e+01,  1.35435511e+00,  5.04605181e+00,  4.91101540e-03,  4.75783571e+01,  1.06531278e+02,  1.14164305e+00
  1.85019911e+02,  7.57660813e+00,  1.09862599e+02,  1.00024938e+01,  1.63936570e+00,  4.84028267e+00,  5.89883537e-03,  4.74425144e+01,  1.04634715e+02,  1.13769215e+00
  1.73792043e+02,  4.50217020e+00,  9.33135593e+01,  1.13415812e+01,  4.20466340e-01,  4.48132882e+00,  6.86866907e-03,  3.62941458e+01,  1.24658677e+02,  1.17858045e+00
  1.50710232e+02,  4.81349789e+00,  8.42330719e+01,  9.53739072e+00,  3.89609347e-01,  4.66383339e+00,  5.94441228e-03,  3.70385108e+01,  1.24707469e+02,  1.17937408e+00
  1.12417803e+02,  7.61894948e+00,  1.19841113e+02,  1.42654480e+01,  1.16180075e+00,  5.42915070e+00,  3.36506271e-03,  4.95280327e+01,  1.07634989e+02,  1.14441506e+00
  1.30083463e+02,  4.76317987e+00,  1.20858660e+02,  1.37921117e+01,  3.87423018e-01,  4.85076546e+00,  4.29183936e-03,  4.01129714e+01,  1.23619506e+02,  1.17392590e+00
  1.49323770e+02,  6.57931539e+00,  1.03389838e+02,  1.44669729e+01,  9.87863496e-01,  5.00421433e+00,  4.77791360e-03,  4.52590136e+01,  1.10291799e+02,  1.15009896e+00
  1.55025195e+02,  6.71237015e+00,  1.19485435e+02,  1.36903604e+01,  1.08344932e+00,  4.94461391e+00,  5.19300561e-03,  4.53373384e+01,  1.09308890e+02,  1.14771722e+00
  1.86952185e+02,  7.78576704e+00,  1.42636545e+02,  1.33686191e+01,  1.92717751e+00,  4.84178046e+00,  6.16875461e-03,  4.83919663e+01,  1.02825276e+02,  1.13374747e+00
  1.19107110e+02,  5.63084269e+00,  1.10224030e+02,  9.34455443e+00,  4.62229045e-01,  5.01026563e+00,  4.47177939e-03,  4.07698908e+01,  1.20193856e+02,  1.16988311e+00
  1.76365100e+02,  6.39292059e+00,  1.00227346e+02,  8.81759899e+00,  9.59218011e-01,  4.71824813e+00,  6.22329356e-03,  4.29545572e+01,  1.11389396e+02,  1.15169555e+00
  1.92495421e+02,  6.30970206e+00,  1.26122909e+02,  8.36371229e+00,  1.02766198e+00,  4.56831168e+00,  7.24096220e-03,  4.23117044e+01,  1.10882849e+02,  1.15003391e+00
  1.25821122e+02,  6.17313060e+00,  9.80191083e+01,  9.62612714e+00,  6.23166771e-01,  5.06825503e+00,  4.35603237e-03,  4.28752159e+01,  1.15901408e+02,  1.16162433e+00
  1.10837651e+02,  7.20693794e+00,  1.00417403e+02,  9.64292154e+00,  8.59920391e-01,  5.36625553e+00,  3.41285394e-03,  4.71623597e+01,  1.11084980e+02,  1.15185791e+00
  1.91032024e+02,  6.67388448e+00,  1.23645973e+02,  1.15292513e+01,  1.24736966e+00,  4.67259063e+00,  6.87455906e-03,  4.40588160e+01,  1.08133058e+02,  1.14501088e+00
  1.09526602e+02,  5.26715635e+00,  1.02464345e+02,  1.36934051e+01,  3.93123474e-01,  5.14586587e+00,  3.38364515e-03,  4.20620385e+01,  1.21782409e+02,  1.17190260e+00
  1.83962205e+02,  6.46970007e+00,  1.08139558e+02,  1.24911607e+01,  1.11491013e+00,  4.71910649e+00,  6.48613115e-03,  4.36018394e+01,  1.09447051e+02,  1.14815988e+00
  1.57328859e+02,  5.31647662e+00,  1.08769179e+02,  1.22714723e+01,  5.82249625e-01,  4.71738282e+00,  5.82600543e-03,  3.99606420e+01,  1.18264995e+02,  1.16578596e+00
  1.79392931e+02,  7.12725941e+00,  1.20877544e+02,  1.30747012e+01,  1.43548060e+00,  4.82784626e+00,  6.02711075e-03,  4.61785139e+01,  1.06175718e+02,  1.14116207e+00
  1.84000490e+02,  4.68435550e+00,  8.43324675e+01,  1.16339144e+01,  4.86358484e-01,  4.46786178e+00,  7.21145304e-03,  3.67671016e+01,  1.22345570e+02,  1.17454986e+00
  1.83078223e+02,  6.76416351e+00,  1.07932777e+02,  1.07661639e+01,  1.20598942e+00,  4.74535161e+00,  6.33274763e-03,  4.44466047e+01,  1.08412320e+02,  1.14578681e+00
  1.43498794e+02,  7.32070663e+00,  1.02686434e+02,  1.39398324e+01,  1.25941776e+00,  5.14298486e+00,  4.37868741e-03,  4.77409576e+01,  1.07202682e+02,  1.14387666e+00
  1.24491193e+02,  6.81572314e+00,  9.19540441e+01,  8.85216729e+00,  7.97750509e-01,  5.18419377e+00,  3.95586500e-03,  4.53827405e+01,  1.12430550e+02,  1.15450520e+00
  1.64540100e+02,  6.56252496e+00,  8.94726650e+01,  9.12850731e+00,  9.54272768e-01,  4.84213117e+00,  5.53227750e-03,  4.38385994e+01,  1.11126273e+02,  1.15151278e+00
  1.41551510e+02,  5.96282976e+00,  1.29407887e+02,  1.53540310e+01,  7.69962154e-01,  4.94960803e+00,  4.67981104e-03,  4.39936542e+01,  1.13549483e+02,  1.15523300e+00
  1.33227862e+02,  6.95397071e+00,  1.45190709e+02,  1.43574842e+01,  1.08070281e+00,  5.11441033e+00,  4.46673135e-03,  4.68310852e+01,  1.08991428e+02,  1.14636721e+00
  1.53804051e+02,  5.80926122e+00,  1.48927656e+02,  9.02224221e+00,  6.88175156e-01,  4.70503009e+00,  6.29448053e-03,  4.07244155e+01,  1.15933306e+02,  1.16029209e+00
  1.70383052e+02,  5.49811349e+00,  1.27482100e+02,  9.76859928e+00,  6.63857253e-01,  4.58587459e+00,  6.96566621e-03,  3.94708437e+01,  1.16941273e+02,  1.16277516e+00
  1.86202617e+02,  7.72508724e+00,  1.11329275e+02,  1.26622441e+01,  1.81470160e+00,  4.87329996e+00,  5.88318735e-03,  4.81631566e+01,  1.03465703e+02,  1.13554971e+00
  1.10208646e+02,  7.32157544e+00,  9.79580308e+01,  1.09202753e+01,  9.18153969e-01,  5.40882725e+00,  3.31458316e-03,  4.78096505e+01,  1.10247507e+02,  1.15035261e+00
  1.84841371e+02,  5.85192484e+00,  1.26284417e+02,  1.35203683e+01,  9.12133633e-01,  4.61484472e+00,  6.89973166e-03,  4.17346777e+01,  1.12347723e+02,  1.15352436e+00
  1.50291978e+02,  7.56461253e+00,  1.24052136e+02,  1.12242454e+01,  1.39925765e+00,  5.06139549e+00,  4.81471020e-03,  4.79189331e+01,  1.06147612e+02,  1.14105572e+00
  1.75825605e+02,  6.72016088e+00,  1.00734924e+02,  1.39665328e+01,  1.20220231e+00,  4.83541454e+00,  5.82023890e-03,  4.49992971e+01,  1.08272415e+02,  1.14599546e+00
  1.24612552e+02,  5.92849196e+00,  1.09041574e+02,  9.82366008e+00,  5.63681668e-01,  5.02296949e+00,  4.51924830e-03,  4.19596695e+01,  1.17405557e+02,  1.16439790e+00
  1.69162639e+02,  5.31481075e+00,  9.68199753e+01,  1.39287342e+01,  6.41673872e-01,  4.68555675e+00,  5.89863193e-03,  4.04126363e+01,  1.16999039e+02,  1.16340068e+00
  1.59422389e+02,  6.30983485e+00,  1.12102706e+02,  1.12324992e+01,  8.90452396e-01,  4.83229957e+00,  5.68115138e-03,  4.31415096e+01,  1.12033137e+02,  1.15340431e+00
  1.21143441e+02,  6.17400373e+00,  1.34450245e+02,  1.09826116e+01,  6.51171272e-01,  5.07028246e+00,  4.44988502e-03,  4.32369401e+01,  1.15318408e+02,  1.15957769e+00
  1.90319583e+02,  7.71895918e+00,  8.65737756e+01,  1.31441487e+01,  1.81889547e+00,  4.88652140e+00,  5.79665301e-03,  4.81639588e+01,  1.03430655e+02,  1.13589890e+00
  1.25154396e+02,  7.53768462e+00,  1.27647611e+02,  8.91648191e+00,  1.12344838e+00,  5.23234689e+00,  4.00246068e-03,  4.79266702e+01,  1.08334583e+02,  1.14544835e+00
  1.90595666e+02,  7.77285762e+00,  1.31243308e+02,  1.47990507e+01,  1.97979762e+00,  4.84633529e+00,  6.14046714e-03,  4.85670771e+01,  1.02527333e+02,  1.13333490e+00
  1.16597890e+02,  7.55491850e+00,  1.08829668e+02,  1.47748566e+01,  1.16847915e+00,  5.40610379e+00,  3.39474472e-03,  4.93978846e+01,  1.07609982e+02,  1.14461487e+00
  1.80912596e+02,  4.57720308e+00,  1.03457396e+02,  8.79308728e+00,  4.35691408e-01,  4.37477409e+00,  8.04747784e-03,  3.53219825e+01,  1.24794758e+02,  1.17869564e+00
  1.68831366e+02,  4.65963108e+00,  9.31485908e+01,  1.34744574e+01,  4.64286551e-01,  4.58593491e+00,  5.93180918e-03,  3.81705645e+01,  1.22379506e+02,  1.17356109e+00
  1.84915424e+02,  5.94738763e+00,  8.53065564e+01,  1.53202411e+01,  9.32082334e-01,  4.71506871e+00,  6.14203118e-03,  4.25733664e+01,  1.11763722e+02,  1.15342223e+00
  1.57992254e+02,  7.74655677e+00,  1.40459231e+02,  8.53737987e+00,  1.51437774e+00,  4.98947616e+00,  5.13138585e-03,  4.81596357e+01,  1.05358001e+02,  1.13880361e+00
  1.48447983e+02,  4.46070999e+00,  1.33127399e+02,  1.21095712e+01,  3.77102872e-01,  4.60292792e+00,  5.74786223e-03,  3.74754773e+01,  1.25633322e+02,  1.17803855e+00
  1.26699358e+02,  7.35317356e+00,  1.46779808e+02,  1.38047869e+01,  1.19182632e+00,  5.21357776e+00,  4.17764712e-03,  4.80939340e+01,  1.07702549e+02,  1.14386607e+00
  1.71667217e+02,  5.16226570e+00,  1.51652294e+02,  1.38873272e+01,  6.59964184e-01,  4.56564005e+00,  6.66566782e-03,  4.00289551e+01,  1.17105115e+02,  1.16150801e+00
  1.81697963e+02,  7.68918879e+00,  1.47719304e+02,  1.52558774e+01,  1.88897675e+00,  4.87324876e+00,  5.97257361e-03,  4.85311463e+01,  1.03021550e+02,  1.13408216e+00
  1.06366676e+02,  6.36644843e+00,  1.16413057e+02,  1.05329603e+01,  5.97567866e-01,  5.26198763e+00,  3.68566537e-03,  4.41439048e+01,  1.15743613e+02,  1.16101640e+00
  1.17756489e+02,  7.14841355e+00,  1.15556231e+02,  1.18848427e+01,  9.51608839e-01,  5.29154622e+00,  3.75462899e-03,  4.71356439e+01,  1.10092806e+02,  1.14961037e+00
  1.82687129e+02,  4.56320347e+00,  1.39328973e+02,  1.23349972e+01,  5.08198904e-01,  4.39131153e+00,  7.60676623e-03,  3.70084023e+01,  1.22085581e+02,  1.17157735e+00
  1.64542877e+02,  6.57486595e+00,  8.59667626e+01,  1.48511486e+01,  1.06417346e+00,  4.92700384e+00,  5.18863017e-03,  4.49511211e+01,  1.09563511e+02,  1.14908762e+00
  1.43602890e+02,  6.47584045e+00,  1.07190048e+02,  1.50675390e+01,  9.29202481e-01,  5.03630993e+00,  4.53711323e-03,  4.53126247e+01,  1.10956499e+02,  1.15121190e+00
  1.34662559e+02,  4.61094111e+00,  1.22069927e+02,  9.08873429e+00,  3.25412152e-01,  4.67532777e+00,  5.74751891e-03,  3.64657924e+01,  1.27571655e+02,  1.18350660e+00
  1.54953006e+02,  5.09693805e+00,  9.67459812e+01,  8.45257691e+00,  4.60695057e-01,  4.63860087e+00,  6.27482923e-03,  3.77929118e+01,  1.22209819e+02,  1.17384800e+00
  1.30024063e+02,  6.61563821e+00,  9.67973130e+01,  1.44041797e+01,  8.67387992e-01,  5.17515189e+00,  3.98459470e-03,  4.58252899e+01,  1.11441721e+02,  1.15267846e+00
  1.19546469e+02,  4.66664982e+00,  1.10636707e+02,  1.02178559e+01,  2.94691288e-01,  4.85909242e+00,  4.60077304e-03,  3.76656512e+01,  1.27856183e+02,  1.18413049e+00
  1.53106302e+02,  7.54154949e+00,  8.24546830e+01,  1.35819049e+01,  1.40966825e+00,  5.12729876e+00,  4.48587344e-03,  4.82407260e+01,  1.05978792e+02,  1.14171700e+00
  1.90290198e+02,  7.46112876e+00,  1.49936544e+02,  1.47960770e+01,  1.80075052e+00,  4.78543816e+00,  6.46641042e-03,  4.75014181e+01,  1.03619364e+02,  1.13527608e+00
  1.92956715e+02,  4.44409248e+00,  1.42849324e+02,  1.06023307e+01,  4.89487474e-01,  4.27052008e+00,  8.87908774e-03,  3.54288096e+01,  1.23492779e+02,  1.17476818e+00
  1.73432069e+02,  5.69840520e+00,  1.10738123e+02,  8.50522270e+00,  7.03856023e-01,  4.60226128e+00,  6.79342727e-03,  4.00546336e+01,  1.16026747e+02,  1.16097585e+00
  1.49939532e+02,  5.35784989e+00,  1.23817865e+02,  1.19387967e+01,  5.71776628e-01,  4.74696119e+00,  5.70126908e-03,  4.01470836e+01,  1.18392843e+02,  1.16558955e+00
  1.19091340e+02,  4.78798320e+00,  1.38750852e+02,  1.27394536e+01,  3.55791479e-01,  4.89582528e+00,  4.26515304e-03,  3.98127960e+01,  1.24648289e+02,  1.17555469e+00
  1.77549404e+02,  6.59002114e+00,  1.23357459e+02,  1.53228567e+01,  1.21634446e+00,  4.79169344e+00,  5.99959746e-03,  4.50018554e+01,  1.08210697e+02,  1.14518948e+00
  1.68994243e+02,  6.62097697e+00,  8.93704352e+01,  9.56377052e+00,  1.01178014e+00,  4.82654330e+00,  5.67242305e-03,  4.40341551e+01,  1.10425978e+02,  1.15013503e+00
  1.59173654e+02,  6.63255350e+00,  1.40697365e+02,  1.23665530e+01,  1.07083304e+00,  4.85599786e+00,  5.72122555e-03,  4.45730445e+01,  1.09644216e+02,  1.14793885e+00
  1.83377105e+02,  6.43197101e+00,  1.46295159e+02,  1.29373160e+01,  1.14972647e+00,  4.67212845e+00,  6.85052193e-03,  4.35886679e+01,  1.09158527e+02,  1.14675235e+00
  1.78935704e+02,  7.62836877e+00,  1.00879124e+02,  1.07594017e+01,  1.62936429e+00,  4.90378899e+00,  5.57347372e-03,  4.77855146e+01,  1.04636912e+02,  1.13798892e+00
