# q1, q2, q3, alfa1, beta1, alfa2, beta2, vol, fibstretch 
  1.19218513e+00,  8.34960152e-01,  8.75295822e-01,  1.34903703e+00,  4.83859413e+00,  5.80568758e-03,  4.59946522e+01,  1.06893788e+02,  1.14271680e+00
  7.70488372e-01,  1.29309457e+00,  1.00589047e+00,  3.15292885e-01,  4.86078684e+00,  4.41968230e-03,  3.88629089e+01,  1.26758526e+02,  1.17912985e+00
  1.12131294e+00,  8.83053913e-01,  1.03156398e+00,  1.12147158e+00,  4.86018607e+00,  5.66597554e-03,  4.47595694e+01,  1.09070299e+02,  1.14753804e+00
  1.07145666e+00,  7.02889791e-01,  1.19550362e+00,  9.61453448e-01,  4.93056734e+00,  5.12700273e-03,  4.42946040e+01,  1.10800889e+02,  1.15177220e+00
  9.53066272e-01,  9.89045294e-01,  8.17259393e-01,  5.97059841e-01,  4.82728861e+00,  5.46040397e-03,  4.07711741e+01,  1.17428454e+02,  1.16414975e+00
  1.00112750e+00,  9.58881176e-01,  7.10270725e-01,  6.91893046e-01,  4.80750428e+00,  5.58106141e-03,  4.16187497e+01,  1.15468962e+02,  1.15996181e+00
  8.06657956e-01,  1.17615282e+00,  8.23776405e-01,  3.38107215e-01,  4.81972031e+00,  5.05500041e-03,  3.79408411e+01,  1.25937627e+02,  1.17976546e+00
  8.98720279e-01,  1.05449405e+00,  1.00440638e+00,  5.17107198e-01,  4.86730347e+00,  5.00893729e-03,  4.06029751e+01,  1.19278623e+02,  1.16730902e+00
  1.22770409e+00,  7.00736167e-01,  1.01192981e+00,  1.51824023e+00,  4.87374384e+00,  5.72950080e-03,  4.68662671e+01,  1.05470196e+02,  1.14020253e+00
  9.13828975e-01,  1.06038971e+00,  9.12078791e-01,  5.33746162e-01,  4.84163553e+00,  5.27375124e-03,  4.03662200e+01,  1.18948550e+02,  1.16690284e+00
  8.91689029e-01,  1.28777367e+00,  1.29190078e+00,  5.74847102e-01,  4.88985173e+00,  4.54094177e-03,  4.25641182e+01,  1.17678538e+02,  1.16161371e+00
  8.18818782e-01,  1.07406405e+00,  7.70032273e-01,  3.43058275e-01,  4.82112281e+00,  5.10559993e-03,  3.78511060e+01,  1.25701750e+02,  1.17994301e+00
  9.95077451e-01,  7.65709466e-01,  1.04131286e+00,  7.15481783e-01,  4.90788836e+00,  5.07969186e-03,  4.23785732e+01,  1.14651794e+02,  1.15941389e+00
  1.00542128e+00,  1.08014630e+00,  1.26701244e+00,  8.32620162e-01,  4.88894422e+00,  5.08754022e-03,  4.37532548e+01,  1.12727462e+02,  1.15395292e+00
  8.74031334e-01,  7.86239436e-01,  7.85787646e-01,  4.13816197e-01,  4.87187013e+00,  4.95939626e-03,  3.90350821e+01,  1.22518454e+02,  1.17493748e+00
  8.74220815e-01,  9.72914339e-01,  7.13805182e-01,  4.19909499e-01,  4.81652150e+00,  5.28649438e-03,  3.87591341e+01,  1.22612155e+02,  1.17435646e+00
  8.60782879e-01,  9.87369402e-01,  7.94490447e-01,  4.08281926e-01,  4.83663326e+00,  5.14369726e-03,  3.88003461e+01,  1.22918994e+02,  1.17496349e+00
  7.11738264e-01,  1.28914865e+00,  8.27869241e-01,  2.22064929e-01,  4.82581405e+00,  4.51760864e-03,  3.65146841e+01,  1.32825175e+02,  1.19099708e+00
  7.04366372e-01,  1.10947873e+00,  7.55700743e-01,  1.98972952e-01,  4.83823994e+00,  4.45990135e-03,  3.57771052e+01,  1.34625852e+02,  1.19576044e+00
  1.01618624e+00,  8.00231498e-01,  8.52700869e-01,  7.40694950e-01,  4.86049219e+00,  5.38205107e-03,  4.22280132e+01,  1.14359061e+02,  1.15846739e+00
  9.33267876e-01,  7.25284655e-01,  1.00082328e+00,  5.55023157e-01,  4.92291359e+00,  4.81410986e-03,  4.10813717e+01,  1.18034137e+02,  1.16635899e+00
  1.25797618e+00,  8.21111715e-01,  8.84905373e-01,  1.64436803e+00,  4.83663126e+00,  5.91709327e-03,  4.73636950e+01,  1.04604394e+02,  1.13786260e+00
  9.61245464e-01,  9.39453303e-01,  1.26311916e+00,  6.94030913e-01,  4.92680384e+00,  4.67762879e-03,  4.30772086e+01,  1.14982886e+02,  1.15879668e+00
  1.07659093e+00,  1.04678167e+00,  7.18299804e-01,  9.17208190e-01,  4.79064306e+00,  5.82943385e-03,  4.32890577e+01,  1.11771158e+02,  1.15217861e+00
  1.14578189e+00,  8.37589157e-01,  1.12708331e+00,  1.23077890e+00,  4.87852433e+00,  5.61751441e-03,  4.54622557e+01,  1.07911472e+02,  1.14530995e+00
  7.25874535e-01,  9.66605073e-01,  9.35135474e-01,  2.30167540e-01,  4.92315615e+00,  3.85118541e-03,  3.77080280e+01,  1.31397185e+02,  1.18943485e+00
  1.20732868e+00,  8.87225923e-01,  9.26575003e-01,  1.43486371e+00,  4.83447502e+00,  5.90309263e-03,  4.63285801e+01,  1.06174613e+02,  1.14120445e+00
  8.82627424e-01,  1.04878140e+00,  1.00145746e+00,  4.83905571e-01,  4.87177019e+00,  4.91645474e-03,  4.03278360e+01,  1.20210849e+02,  1.16907640e+00
  8.06758874e-01,  7.43015082e-01,  8.75364926e-01,  3.12736352e-01,  4.92359932e+00,  4.38129867e-03,  3.82336644e+01,  1.26471050e+02,  1.18269575e+00
  9.84905667e-01,  1.04064061e+00,  8.14987843e-01,  6.78027342e-01,  4.81376853e+00,  5.62158215e-03,  4.14236902e+01,  1.15719520e+02,  1.16055334e+00
  9.73721721e-01,  1.03530734e+00,  1.12001244e+00,  7.09056415e-01,  4.87730330e+00,  5.15238386e-03,  4.24539838e+01,  1.14874958e+02,  1.15869341e+00
  9.41262287e-01,  9.63404032e-01,  8.18334128e-01,  5.68235443e-01,  4.83384297e+00,  5.38868720e-03,  4.05328850e+01,  1.18096948e+02,  1.16556944e+00
  1.22806058e+00,  1.04020913e+00,  7.73140574e-01,  1.50444824e+00,  4.79350330e+00,  6.09377394e-03,  4.65915375e+01,  1.05678067e+02,  1.13958066e+00
  1.03246939e+00,  1.20385991e+00,  7.75432500e-01,  8.13328454e-01,  4.77523935e+00,  5.96426459e-03,  4.23004418e+01,  1.13394593e+02,  1.15536324e+00
  8.03793094e-01,  1.12354787e+00,  8.76112560e-01,  3.36747657e-01,  4.84547042e+00,  4.83375103e-03,  3.82530716e+01,  1.25829122e+02,  1.17953940e+00
  8.85590447e-01,  8.37871250e-01,  9.54411809e-01,  4.62645543e-01,  4.90133966e+00,  4.78020743e-03,  4.00610670e+01,  1.20715441e+02,  1.17113573e+00
  7.51619662e-01,  1.13310151e+00,  8.73905869e-01,  2.65217573e-01,  4.85842940e+00,  4.48090876e-03,  3.74650986e+01,  1.29571304e+02,  1.18600677e+00
  7.47773726e-01,  1.19260878e+00,  7.65008261e-01,  2.52638806e-01,  4.81238104e+00,  4.86341513e-03,  3.65272606e+01,  1.30746874e+02,  1.18857909e+00
  8.63740957e-01,  1.28721459e+00,  8.05489255e-01,  4.37509656e-01,  4.78405594e+00,  5.53796404e-03,  3.88593616e+01,  1.22168791e+02,  1.17243030e+00
  7.50102171e-01,  8.91133163e-01,  8.77028432e-01,  2.48578472e-01,  4.91080966e+00,  4.15008801e-03,  3.74469386e+01,  1.30230516e+02,  1.18854731e+00
  8.75847867e-01,  1.28706672e+00,  1.11322551e+00,  5.10027566e-01,  4.85576336e+00,  4.90209870e-03,  4.09979924e+01,  1.19526666e+02,  1.16613856e+00
  1.28579244e+00,  1.12239761e+00,  9.85502170e-01,  1.86060435e+00,  4.79714458e+00,  6.34056958e-03,  4.78719585e+01,  1.03247253e+02,  1.13465213e+00
  1.22781080e+00,  8.67904058e-01,  1.11938530e+00,  1.58050104e+00,  4.85878993e+00,  5.88868842e-03,  4.69999065e+01,  1.05027141e+02,  1.13910053e+00
  1.04044173e+00,  8.76525047e-01,  7.52283153e-01,  7.97772264e-01,  4.82659411e+00,  5.55173041e-03,  4.25908758e+01,  1.13488938e+02,  1.15618319e+00
  1.24092036e+00,  1.16101503e+00,  1.25101151e+00,  1.73861082e+00,  4.82662883e+00,  6.16890538e-03,  4.75352888e+01,  1.03978946e+02,  1.13630216e+00
  9.98902196e-01,  9.70260076e-01,  8.03181006e-01,  7.04396681e-01,  4.82242253e+00,  5.57386168e-03,  4.17159741e+01,  1.15167844e+02,  1.15958563e+00
  7.03235778e-01,  1.11786664e+00,  1.06980639e+00,  2.25822153e-01,  4.94644824e+00,  3.33383665e-03,  3.90729462e+01,  1.31516156e+02,  1.18653840e+00
  7.98936415e-01,  1.27811669e+00,  7.82467411e-01,  3.27979722e-01,  4.79043945e+00,  5.25069912e-03,  3.75206211e+01,  1.26621028e+02,  1.18075936e+00
  1.01045761e+00,  8.15618681e-01,  9.93918476e-01,  7.53991051e-01,  4.88554221e+00,  5.26008039e-03,  4.25009178e+01,  1.14036454e+02,  1.15797764e+00
  7.40902730e-01,  1.05958430e+00,  9.16824197e-01,  2.51855493e-01,  4.89101215e+00,  4.16005661e-03,  3.77090159e+01,  1.30167055e+02,  1.18701429e+00
  1.18019184e+00,  9.62786649e-01,  1.15811960e+00,  1.39921533e+00,  4.85566136e+00,  5.83726784e-03,  4.61921704e+01,  1.06434333e+02,  1.14190504e+00
  1.16852437e+00,  8.90102577e-01,  7.73298152e-01,  1.23549983e+00,  4.81977661e+00,  5.80341755e-03,  4.54183730e+01,  1.07977230e+02,  1.14466661e+00
  1.07079600e+00,  8.56246766e-01,  8.44264834e-01,  9.04482877e-01,  4.84215748e+00,  5.58563699e-03,  4.33737076e+01,  1.11807328e+02,  1.15299053e+00
  1.15492214e+00,  9.05876180e-01,  1.02528720e+00,  1.24944019e+00,  4.85035981e+00,  5.78717386e-03,  4.54047058e+01,  1.07783325e+02,  1.14476521e+00
  9.36885333e-01,  9.98708248e-01,  1.14609833e+00,  6.19572605e-01,  4.89889127e+00,  4.85353166e-03,  4.20324178e+01,  1.16614772e+02,  1.16204115e+00
  1.02171203e+00,  7.74516594e-01,  8.37951696e-01,  7.49941141e-01,  4.86182463e+00,  5.37158962e-03,  4.23228860e+01,  1.14190397e+02,  1.15814188e+00
  1.20251714e+00,  1.03571859e+00,  1.00370994e+00,  1.45875777e+00,  4.82031896e+00,  6.06239425e-03,  4.62820230e+01,  1.05999638e+02,  1.14069040e+00
  1.08979888e+00,  9.56206808e-01,  1.07969644e+00,  1.03407535e+00,  4.86034183e+00,  5.61025747e-03,  4.42926163e+01,  1.10067308e+02,  1.14944971e+00
  1.07294102e+00,  1.23886626e+00,  7.65922553e-01,  9.36106915e-01,  4.76626996e+00,  6.08692512e-03,  4.31516147e+01,  1.11572168e+02,  1.15153518e+00
  1.11473488e+00,  1.10280160e+00,  1.16151287e+00,  1.16488163e+00,  4.84410275e+00,  5.77660919e-03,  4.50268719e+01,  1.08637122e+02,  1.14608766e+00
  1.21567060e+00,  7.95030293e-01,  1.20708328e+00,  1.53881364e+00,  4.88462201e+00,  5.72688951e-03,  4.69460891e+01,  1.05300298e+02,  1.13994060e+00
  9.32591914e-01,  1.04643471e+00,  7.36709485e-01,  5.43380622e-01,  4.80205014e+00,  5.53871788e-03,  4.00873254e+01,  1.18880932e+02,  1.16676487e+00
  1.05347403e+00,  9.82658732e-01,  1.01384103e+00,  9.04352255e-01,  4.85087052e+00,  5.58623455e-03,  4.33977296e+01,  1.11781057e+02,  1.15287228e+00
  1.16362262e+00,  7.23054421e-01,  7.31653391e-01,  1.18580239e+00,  4.84440702e+00,  5.57248839e-03,  4.53960905e+01,  1.08429313e+02,  1.14577343e+00
  7.14309193e-01,  7.11982680e-01,  1.08696575e+00,  2.13240386e-01,  5.03984319e+00,  2.94534049e-03,  3.91194351e+01,  1.31703263e+02,  1.19008051e+00
  1.08031241e+00,  9.58777452e-01,  1.14361535e+00,  1.01858921e+00,  4.87218985e+00,  5.50358418e-03,  4.43443172e+01,  1.10225726e+02,  1.14975140e+00
  7.17919532e-01,  1.00288988e+00,  9.78878502e-01,  2.27280352e-01,  4.93338091e+00,  3.67060748e-03,  3.80933128e+01,  1.31520924e+02,  1.18881986e+00
  8.96642078e-01,  1.23098570e+00,  9.08925974e-01,  5.12677295e-01,  4.81354043e+00,  5.42020964e-03,  4.00219361e+01,  1.19661216e+02,  1.16764230e+00
  1.01230780e+00,  1.21756743e+00,  7.94771165e-01,  7.62687306e-01,  4.77761103e+00,  5.93356451e-03,  4.18978506e+01,  1.14248742e+02,  1.15710603e+00
  1.16385511e+00,  1.12390946e+00,  8.53193155e-01,  1.26705457e+00,  4.79128210e+00,  6.10677694e-03,  4.52572763e+01,  1.07721335e+02,  1.14391782e+00
  1.17338597e+00,  8.35321482e-01,  9.47578222e-01,  1.29100196e+00,  4.84930833e+00,  5.77053421e-03,  4.56685241e+01,  1.07396430e+02,  1.14395284e+00
  1.04095772e+00,  8.49763138e-01,  1.24725893e+00,  9.00946952e-01,  4.91888427e+00,  5.05280435e-03,  4.41014359e+01,  1.11640485e+02,  1.15284810e+00
  1.00166362e+00,  1.09355195e+00,  7.40584668e-01,  7.11695463e-01,  4.78940667e+00,  5.76048166e-03,  4.16109697e+01,  1.15148592e+02,  1.15910447e+00
  1.04356170e+00,  7.82663349e-01,  1.28626187e+00,  9.07182393e-01,  4.93806765e+00,  4.92928019e-03,  4.42927053e+01,  1.11502607e+02,  1.15278091e+00
  7.16103226e-01,  7.14708627e-01,  1.04908616e+00,  2.12361098e-01,  5.02555785e+00,  3.09069497e-03,  3.87011824e+01,  1.31887570e+02,  1.19085651e+00
  1.01629732e+00,  1.26433193e+00,  7.02331350e-01,  7.58428440e-01,  4.75416947e+00,  6.01867930e-03,  4.17950457e+01,  1.14407282e+02,  1.15713538e+00
  7.07642450e-01,  9.32731133e-01,  1.29043805e+00,  2.39028085e-01,  5.05560485e+00,  2.44298852e-03,  4.18701423e+01,  1.29740967e+02,  1.18172921e+00
  9.19477042e-01,  1.23884701e+00,  1.25578240e+00,  6.25810635e-01,  4.88225431e+00,  4.77671158e-03,  4.25778993e+01,  1.16540106e+02,  1.16020241e+00
  9.64987732e-01,  7.42555052e-01,  7.21824726e-01,  5.84889268e-01,  4.85245292e+00,  5.22540093e-03,  4.08889097e+01,  1.17614268e+02,  1.16491736e+00
  1.23311938e+00,  1.17763898e+00,  1.28945545e+00,  1.71795089e+00,  4.83008173e+00,  6.12867151e-03,  4.75132747e+01,  1.04109674e+02,  1.13652157e+00
  9.96870655e-01,  9.21014087e-01,  1.22091227e+00,  7.77148447e-01,  4.91212300e+00,  4.94943145e-03,  4.33246384e+01,  1.13549751e+02,  1.15633375e+00
  9.24072494e-01,  7.55423217e-01,  1.17394368e+00,  5.66261789e-01,  4.95782179e+00,  4.44297089e-03,  4.19119932e+01,  1.17605114e+02,  1.16499530e+00
  1.26078667e+00,  1.25456708e+00,  8.86461316e-01,  1.71974219e+00,  4.76990609e+00,  6.44722583e-03,  4.72150340e+01,  1.04158915e+02,  1.13624831e+00
  8.08596532e-01,  9.73286937e-01,  1.00908504e+00,  3.49294197e-01,  4.91120250e+00,  4.31180821e-03,  3.93085231e+01,  1.24838387e+02,  1.17770921e+00
  7.29359139e-01,  7.49203289e-01,  8.29832356e-01,  2.11521041e-01,  4.93563773e+00,  3.95978245e-03,  3.67193662e+01,  1.32710094e+02,  1.19415927e+00
  7.46431242e-01,  7.63930249e-01,  9.67110475e-01,  2.43695062e-01,  4.97065702e+00,  3.68999934e-03,  3.81431739e+01,  1.30087905e+02,  1.18843097e+00
  1.14233028e+00,  9.44651027e-01,  8.68136332e-01,  1.16573570e+00,  4.82362780e+00,  5.84215982e-03,  4.48981781e+01,  1.08674475e+02,  1.14628229e+00
  1.15343023e+00,  1.04239614e+00,  9.54172567e-01,  1.24374624e+00,  4.81808346e+00,  5.97381717e-03,  4.52151341e+01,  1.07896540e+02,  1.14461272e+00
  9.26497032e-01,  1.15366426e+00,  9.43321989e-01,  5.75015040e-01,  4.82938262e+00,  5.39574938e-03,  4.07437354e+01,  1.17944414e+02,  1.16457506e+00
  7.94740457e-01,  1.02362494e+00,  7.69152010e-01,  3.04402558e-01,  4.83572970e+00,  4.91277698e-03,  3.73987630e+01,  1.27504849e+02,  1.18351700e+00
  9.43852172e-01,  1.23265758e+00,  8.98058908e-01,  6.13118463e-01,  4.80291976e+00,  5.64610842e-03,  4.08416884e+01,  1.17155170e+02,  1.16286731e+00
  9.14927318e-01,  8.89406418e-01,  1.29994632e+00,  5.83918786e-01,  4.95960103e+00,  4.23053850e-03,  4.27441674e+01,  1.17175361e+02,  1.16283080e+00
  9.17940861e-01,  1.28129929e+00,  1.07220572e+00,  5.91533580e-01,  4.83687678e+00,  5.25602055e-03,  4.13167667e+01,  1.17509879e+02,  1.16282136e+00
  8.80737393e-01,  1.18898064e+00,  1.18582807e+00,  5.23303095e-01,  4.88839518e+00,  4.62313930e-03,  4.15989001e+01,  1.19005542e+02,  1.16518025e+00
  9.41582610e-01,  7.37597897e-01,  9.31012948e-01,  5.63813467e-01,  4.90252410e+00,  4.97838075e-03,  4.09360391e+01,  1.17905663e+02,  1.16605515e+00
  9.80822443e-01,  8.31750292e-01,  1.14825174e+00,  7.07565416e-01,  4.91975261e+00,  4.90387100e-03,  4.26552834e+01,  1.14755097e+02,  1.15923504e+00
  7.15173902e-01,  1.01398884e+00,  8.11293975e-01,  2.10120508e-01,  4.87474350e+00,  4.23476047e-03,  3.64239672e+01,  1.33348602e+02,  1.19365686e+00
  7.15332467e-01,  1.21682642e+00,  1.28429455e+00,  2.67368933e-01,  4.98653163e+00,  2.83313575e-03,  4.18258914e+01,  1.28473990e+02,  1.17776771e+00
  8.39441286e-01,  7.32780604e-01,  1.18808984e+00,  3.99885553e-01,  4.99837385e+00,  3.78419014e-03,  4.09823312e+01,  1.22314168e+02,  1.17357697e+00
  9.28612762e-01,  9.37681948e-01,  1.04578366e+00,  5.76111251e-01,  4.89138572e+00,  4.94491889e-03,  4.13067336e+01,  1.17649245e+02,  1.16460530e+00
  7.23555277e-01,  1.14515688e+00,  1.18872739e+00,  2.63203843e-01,  4.96660312e+00,  3.16111917e-03,  4.05691896e+01,  1.28871314e+02,  1.18059955e+00
  8.81657373e-01,  8.98122605e-01,  8.40425436e-01,  4.44683676e-01,  4.86177848e+00,  5.04653097e-03,  3.94230344e+01,  1.21502831e+02,  1.17254199e+00
  9.27705026e-01,  1.12485819e+00,  7.81756492e-01,  5.47011453e-01,  4.79847655e+00,  5.59242117e-03,  4.00920744e+01,  1.18799874e+02,  1.16645168e+00
  1.16065894e+00,  7.28165658e-01,  1.14358928e+00,  1.27427363e+00,  4.89778476e+00,  5.53543509e-03,  4.57602341e+01,  1.07466587e+02,  1.14466954e+00
  7.46609622e-01,  9.56970323e-01,  1.09446994e+00,  2.70002684e-01,  4.96554643e+00,  3.50000086e-03,  3.95020389e+01,  1.28478956e+02,  1.18291724e+00
  1.21450483e+00,  8.23969063e-01,  1.06829179e+00,  1.49689792e+00,  4.86156824e+00,  5.82597154e-03,  4.66594843e+01,  1.05646342e+02,  1.14044950e+00
  9.72724083e-01,  1.02434434e+00,  1.08781771e+00,  6.98743557e-01,  4.87316975e+00,  5.19434202e-03,  4.22681781e+01,  1.15086412e+02,  1.15922730e+00
  1.09195305e+00,  1.03970064e+00,  8.96822815e-01,  1.00709697e+00,  4.81667706e+00,  5.84802644e-03,  4.38533406e+01,  1.10505063e+02,  1.14998307e+00
  8.53386778e-01,  9.31378136e-01,  9.65797986e-01,  4.13996570e-01,  4.89403225e+00,  4.67909860e-03,  3.96254456e+01,  1.22381539e+02,  1.17378426e+00
  9.66885714e-01,  1.27641176e+00,  8.89587418e-01,  6.70375508e-01,  4.79058251e+00,  5.80088926e-03,  4.12405439e+01,  1.15961379e+02,  1.16041498e+00
  1.08613517e+00,  7.55447967e-01,  1.02905600e+00,  9.80209772e-01,  4.88867570e+00,  5.41884355e-03,  4.40586685e+01,  1.10666908e+02,  1.15121836e+00
  9.20044988e-01,  8.86733859e-01,  1.02203158e+00,  5.47905486e-01,  4.89830291e+00,  4.88676800e-03,  4.10234832e+01,  1.18319864e+02,  1.16617160e+00
  1.11184464e+00,  7.51866739e-01,  1.11205856e+00,  1.08704281e+00,  4.89810737e+00,  5.42795302e-03,  4.47689770e+01,  1.09369702e+02,  1.14859954e+00
  1.08048701e+00,  9.59721976e-01,  8.55746872e-01,  9.50250529e-01,  4.82496986e+00,  5.73368352e-03,  4.35660252e+01,  1.11221892e+02,  1.15157078e+00
  1.21981695e+00,  9.35951438e-01,  1.27467026e+00,  1.60662969e+00,  4.86896942e+00,  5.83287640e-03,  4.72216204e+01,  1.04827442e+02,  1.13861819e+00
  1.10277747e+00,  1.23758399e+00,  1.19651826e+00,  1.15042576e+00,  4.82973320e+00,  5.84686301e-03,  4.49535542e+01,  1.08817067e+02,  1.14602475e+00
  7.09787246e-01,  7.47858915e-01,  8.67913589e-01,  1.93810636e-01,  4.95816537e+00,  3.67153661e-03,  3.68094087e+01,  1.33989730e+02,  1.19606146e+00
  7.02968293e-01,  1.03623227e+00,  7.33906130e-01,  1.92194260e-01,  4.84587015e+00,  4.42156886e-03,  3.55730759e+01,  1.35165615e+02,  1.19729041e+00
  9.34294707e-01,  1.17243252e+00,  1.28540155e+00,  6.59635728e-01,  4.89562693e+00,  4.72439687e-03,  4.29561195e+01,  1.15773497e+02,  1.15898529e+00
  7.61211757e-01,  1.16072569e+00,  1.01972389e+00,  2.95341934e-01,  4.89399187e+00,  4.12502351e-03,  3.89005109e+01,  1.27565751e+02,  1.18102797e+00
  1.29625039e+00,  1.29852720e+00,  8.73365670e-01,  1.89996680e+00,  4.76097380e+00,  6.56043613e-03,  4.78896199e+01,  1.03039690e+02,  1.13379360e+00
  1.21876094e+00,  1.21022343e+00,  1.15023673e+00,  1.60577820e+00,  4.80976463e+00,  6.24000797e-03,  4.68601174e+01,  1.04899153e+02,  1.13812326e+00
  1.13982097e+00,  1.14687934e+00,  1.05019127e+00,  1.23296941e+00,  4.81649023e+00,  6.01741081e-03,  4.51335875e+01,  1.08002611e+02,  1.14469533e+00
  7.97548530e-01,  1.11355360e+00,  8.36587492e-01,  3.22071484e-01,  4.83756277e+00,  4.88385032e-03,  3.78776377e+01,  1.26587210e+02,  1.18115918e+00
  1.27141351e+00,  7.82749397e-01,  8.49500324e-01,  1.69411534e+00,  4.83886500e+00,  5.88949475e-03,  4.76410162e+01,  1.04265717e+02,  1.13712163e+00
  8.29222151e-01,  8.53365408e-01,  8.36801036e-01,  3.51031112e-01,  4.88195616e+00,  4.73626409e-03,  3.84179987e+01,  1.24951952e+02,  1.17936562e+00
  1.14894358e+00,  8.72529423e-01,  9.63997487e-01,  1.20510292e+00,  4.84814261e+00,  5.75650988e-03,  4.51821884e+01,  1.08222611e+02,  1.14566829e+00
  1.11012816e+00,  1.01035955e+00,  9.05115890e-01,  1.06742493e+00,  4.82091528e+00,  5.85062700e-03,  4.42537384e+01,  1.09765966e+02,  1.14851962e+00
  9.77850436e-01,  1.25717467e+00,  8.77912996e-01,  6.93527051e-01,  4.79005649e+00,  5.82665044e-03,  4.14170006e+01,  1.15496118e+02,  1.15956007e+00
  7.00051456e-01,  1.16617784e+00,  7.23728875e-01,  1.94598972e-01,  4.81603125e+00,  4.61068153e-03,  3.54282488e+01,  1.35227777e+02,  1.19675087e+00
  7.03029381e-01,  9.56395773e-01,  9.02772865e-01,  2.01825003e-01,  4.92484907e+00,  3.73987447e-03,  3.71584766e+01,  1.33591491e+02,  1.19342468e+00
  9.72316006e-01,  8.94507191e-01,  8.44369583e-01,  6.37600781e-01,  4.84759116e+00,  5.37707890e-03,  4.12689440e+01,  1.16432883e+02,  1.16245286e+00
